Manual Benchmark of duration 0.088386376 seconds over 3 runs:"
[3.1396366e7, 2.8103415e7, 2.8886595e7]

Manual Benchmark of duration 1.022079973 seconds over 51 runs:"
[2.5868816e7, 3.1665161e7, 2.9255718e7, 2.7147857e7, 2.4459655e7, 1.8179962e7, 2.1404463e7, 1.621518e7, 1.619526e7, 1.600878e7, 1.6078001e7, 1.596169e7, 1.562642e7, 1.604687e7, 1.6283131e7, 1.598256e7, 1.599409e7, 1.576801e7, 1.605626e7, 1.603629e7, 1.612489e7, 1.5965371e7, 1.5914441e7, 1.610161e7, 1.6121431e7, 1.5908161e7, 1.611415e7, 1.624037e7, 1.581919e7, 1.622858e7, 1.617973e7, 1.587197e7, 1.6027411e7, 1.633359e7, 1.6051721e7, 1.553611e7, 1.5929421e7, 1.610948e7, 1.585364e7, 1.56975e7, 1.6038051e7, 1.603772e7, 1.550088e7, 1.619583e7, 1.4860699e7, 1.6089851e7, 1.4564709e7, 1.580528e7, 1.6183121e7, 1.599838e7, 1.58442511e8]

Manual Benchmark of duration 1.037186307 seconds over 51 runs:"
[0.032518993, 0.032310693, 0.030805332, 0.023957897, 0.021632345, 0.021453895, 0.019328743, 0.018299433, 0.016858772, 0.016119042, 0.015978351, 0.015510101, 0.015816311, 0.015879361, 0.015208291, 0.015578452, 0.01476605, 0.016160111, 0.016149962, 0.016025661, 0.015960542, 0.015726401, 0.016151441, 0.016039042, 0.016054901, 0.015977252, 0.015132521, 0.015970062, 0.016024202, 0.016471872, 0.015943851, 0.016002931, 0.015756682, 0.016051971, 0.016019191, 0.016175011, 0.016298311, 0.015920211, 0.015991482, 0.016156401, 0.016068651, 0.016067102, 0.016039271, 0.016064542, 0.016199511, 0.015962572, 0.015953341, 0.015783471, 0.016021912, 0.015969981, 0.166873879]


Manual Benchmark of duration 1.917811991 seconds over 100 runs:"
[0.023817509, 0.032882429, 0.026161148, 0.024577959, 0.024337639, 0.024095169, 0.040301718, 0.021354189, 0.019831719, 0.018467539, 0.016566849, 0.041481238, 0.016002339, 0.018121769, 0.020658199, 0.015897959, 0.016715389, 0.020919359, 0.015400929, 0.019106468, 0.015490639, 0.02053255, 0.02102779, 0.020110599, 0.01569149, 0.021856048, 0.019824299, 0.01427606, 0.020142798, 0.019751779, 0.01909785, 0.01574844, 0.020263199, 0.019724759, 0.020094508, 0.01946603, 0.015554389, 0.020960169, 0.01551126, 0.017682599, 0.020273509, 0.019536239, 0.015515249, 0.019798219, 0.017575809, 0.019813719, 0.015561449, 0.020443649, 0.019421079, 0.018088819, 0.015215109, 0.020598849, 0.020687659, 0.015402149, 0.019357279, 0.019248109, 0.016267819, 0.018793269, 0.018546229, 0.015501349, 0.018163288, 0.020379539, 0.0154921, 0.019906309, 0.019921189, 0.015324699, 0.019953459, 0.017182789, 0.020324939, 0.014389869, 0.018379789, 0.015551169, 0.019972979, 0.019996189, 0.015510269, 0.020114129, 0.01554203, 0.017977128, 0.018926239, 0.015351879, 0.019917309, 0.014208839, 0.020487779, 0.019990189, 0.015161939, 0.019977919, 0.015985329, 0.020284189, 0.022449199, 0.015656149, 0.020239999, 0.014862529, 0.022526579, 0.015565319, 0.019177409, 0.015475279, 0.020757269, 0.015584259, 0.020117959, 0.015876239]

