Manual Benchmark of duration 3600.8967819213867 over 36 runs:
[103.804735985, 105.228489664, 103.637068273, 101.162218343, 99.700454575, 101.873325396, 101.555297473, 102.306743015, 101.973138266, 104.969159082, 102.687133221, 102.245392631, 102.098900026, 99.711497684, 100.039206221, 101.629464231, 101.457002557, 101.609374516, 100.88061155, 102.589944413, 99.616745058, 95.949168101, 102.743271195, 101.959580796, 95.679122452, 93.576329727, 93.61710964, 95.903845792, 97.33743529, 97.111204823, 97.394936773, 97.252981629, 97.728759367, 99.117563651, 97.428412655, 97.319960423]

Manual Benchmark of duration 3605.3099689483643 over 35 runs:
[100.965568799, 102.169894734, 99.952731769, 103.11683707, 104.568641378, 104.592357816, 104.835396237, 104.19258731, 103.680979168, 102.391673108, 101.010110878, 103.991406142, 104.300251011, 101.86850937, 103.135092524, 104.217511693, 103.112596622, 103.589818926, 103.145428622, 103.791152151, 102.39493782, 100.618078765, 101.746675574, 99.91414578, 100.142426337, 100.652790076, 102.016695162, 102.916884052, 103.140701745, 105.261408558, 105.058298293, 104.98710376, 104.508220683, 104.412284263, 104.910294686]

Manual Benchmark of duration 3600.131145954132 over 35 runs:
[106.162500663, 106.33494426, 106.159099859, 104.608648981, 104.801472937, 105.611957635, 105.878927138, 105.720609064, 106.156379654, 106.008178037, 103.687096266, 106.300557142, 104.606131872, 102.526455403, 104.280978319, 106.209239972, 103.318298701, 105.177830564, 105.428900617, 105.371887825, 99.087883866, 103.994406439, 106.476706124, 101.66578182, 95.76464949, 94.628445042, 96.3118932, 99.049871199, 99.463319761, 99.30634006, 99.148895636, 99.945736701, 101.126883384, 99.873989852, 99.935416656]

Manual Benchmark of duration 3608.246684074402 over 38 runs:
[98.407562943, 99.68118556, 98.763329152, 95.726628272, 95.019046932, 95.641919341, 96.574068254, 95.158943003, 96.733737906, 98.258493698, 99.603831872, 96.702980796, 96.946640013, 95.976360798, 94.919517447, 95.066060875, 96.555543897, 95.763639975, 96.493600975, 96.315516046, 96.750906696, 95.529541767, 90.733717694, 96.153722311, 97.261349794, 94.666000639, 88.379233472, 89.632021698, 89.63289986, 91.875782106, 93.336747348, 93.281241383, 92.385646255, 92.210753321, 93.439838814, 93.95714722, 93.008511121, 91.702453724]

Manual Benchmark of duration 3610.1600539684296 over 38 runs:
[97.840930775, 99.544334507, 98.034420057, 96.37676497, 95.061821868, 95.615386472, 96.681769201, 95.231849123, 97.295187144, 97.651451256, 99.490228696, 96.061810534, 97.664720684, 96.565799232, 94.404156428, 95.122452506, 97.097671797, 95.716633266, 95.785313976, 95.766066775, 97.275556606, 95.571813299, 90.708795229, 96.103320623, 97.292704606, 94.850832034, 89.048836806, 89.575594306, 89.698812306, 92.501079386, 92.700898815, 93.294259558, 92.528858442, 92.889937397, 93.611932026, 93.951791636, 93.097698911, 92.447978139]

Manual Benchmark of duration 3610.936522960663 over 36 runs:
[100.451829798, 101.321442123, 100.374623968, 102.412626562, 103.960944804, 105.134957768, 104.33400786, 104.151772165, 104.2710838, 101.797109692, 100.167081532, 99.507905784, 100.63402163, 96.539280223, 98.01799743, 99.698424768, 99.357131701, 98.900012392, 98.337142385, 99.824953428, 100.831312897, 100.034868701, 104.102873097, 104.530339777, 99.614738961, 94.544708901, 95.983409467, 97.292430423, 98.983619305, 98.892700235, 99.257689429, 99.028515983, 100.082336185, 100.884033522, 99.22752333, 98.450569417]

Manual Benchmark of duration 3612.110685825348 over 36 runs:
[99.311625297, 100.439113247, 98.913109423, 100.890457833, 102.926962136, 103.506161995, 104.097632537, 103.361387617, 103.680861306, 101.194059852, 99.958811577, 101.722718965, 104.526567584, 101.18372821, 101.512301224, 103.924898035, 102.722639777, 103.196492481, 102.66033926, 104.228664085, 101.343489479, 98.247977328, 104.70984782, 104.357095944, 97.271955074, 95.157096278, 95.227335711, 96.145992514, 97.35411405, 96.440048799, 97.376100168, 96.53468686, 97.722006352, 98.28969486, 96.662803772, 95.311349488]

Manual Benchmark of duration 3612.063087940216 over 35 runs:
[106.689518584, 107.796150033, 107.086052304, 102.88573709, 103.878696327, 104.770689677, 104.921850726, 104.966198539, 106.229510584, 108.315181127, 104.598322193, 106.258760828, 103.895902733, 102.457002129, 104.260041437, 105.620119233, 103.75733159, 104.532857587, 105.434929452, 104.752930861, 99.01412002, 104.529149571, 105.859867596, 101.700428294, 96.759321132, 98.324252788, 99.075252008, 100.641985182, 100.573845681, 100.911391448, 100.734718999, 101.25870145, 102.463630581, 100.817222297, 96.290817038]

Manual Benchmark of duration 3634.5671198368073 over 39 runs:
[98.375259034, 99.425765157, 94.749898228, 93.047264117, 91.815671677, 92.294801059, 94.39292615, 91.91222168, 93.627553439, 94.81020279, 98.023813682, 95.168668829, 90.884298875, 92.145178516, 88.308482827, 88.499276982, 89.943909161, 90.925809408, 88.961182773, 90.229359563, 89.566076736, 90.731791377, 92.022591177, 90.918241955, 93.388750559, 91.419280453, 91.660316393, 91.743276807, 93.317727496, 93.845658785, 94.398582985, 96.04079996, 97.604512664, 96.718169516, 97.400202716, 97.236957245, 97.290011326, 96.874694465, 84.847361452]

Manual Benchmark of duration 3634.5000569820404 over 36 runs:
[99.485387846, 101.208692927, 99.051288707, 102.310328288, 103.146596987, 104.343323952, 104.829630045, 103.517044993, 104.447101946, 102.194501213, 100.484093994, 97.638055604, 100.122186053, 97.092319607, 97.340540934, 99.498793675, 98.952071751, 98.532840197, 98.243708575, 98.985502741, 100.080742489, 99.224636964, 101.132473241, 99.711006545, 98.950247006, 99.910206238, 101.744432542, 102.259325922, 102.440528711, 104.010507563, 105.021599276, 104.382299298, 104.717690781, 104.203745613, 104.617825082, 90.668136802]

Manual Benchmark of duration 3642.342458963394 over 39 runs:
[96.150040121, 97.857058595, 97.168308408, 95.300965851, 92.939132754, 94.125634609, 95.980958658, 93.512243914, 95.424471041, 96.683125341, 98.873148739, 95.688659199, 96.560839323, 96.343235458, 93.282638053, 93.888232402, 95.586204898, 95.474923837, 94.497204318, 95.471494874, 95.477159384, 96.137091269, 90.008702539, 93.33076102, 97.177165776, 95.776704936, 86.661754937, 87.365463641, 89.318745279, 90.411916987, 91.379040898, 91.868348814, 92.442849531, 91.502404693, 92.18136369, 93.234064486, 92.49365694, 90.301471297, 74.464674985]

Manual Benchmark of duration 3640.814565896988 over 36 runs:
[100.301650141, 101.337414436, 99.765705871, 102.423065487, 103.877445352, 105.049532289, 104.330811232, 104.174669426, 104.313776124, 102.339776125, 99.704211053, 98.693764261, 100.502061617, 96.49624916, 97.884080938, 99.041106634, 99.356215344, 98.203472944, 98.801808142, 99.14373285, 100.709004435, 100.049077048, 102.168514196, 99.887840406, 99.884444384, 100.140091601, 101.836168043, 102.53394029, 102.513034393, 104.731630188, 105.229382207, 104.99346859, 104.819569427, 104.975349372, 104.557881281, 86.043832434]

Manual Benchmark of duration 3641.285379886627 over 36 runs:
[100.315327074, 101.998550097, 99.821174588, 102.443766521, 103.920304376, 104.251651381, 103.420226571, 103.312017391, 103.429083397, 101.375174326, 99.01725383, 98.457320685, 99.903338815, 97.278116894, 98.101707029, 99.693293308, 99.634847816, 98.780610462, 98.938032477, 99.741890945, 100.905033471, 100.745729488, 102.273864795, 100.586710716, 100.159620246, 100.788036156, 101.919910615, 102.567235673, 103.128460558, 104.823157257, 105.288450099, 104.93356492, 104.927363544, 105.014342273, 104.623437803, 84.766096806]

Manual Benchmark of duration 3660.643224000931 over 44 runs:
[83.227179519, 85.155445495, 84.838690944, 84.751900012, 81.530285446, 81.438582456, 81.953430985, 83.020485904, 82.419002336, 83.398440842, 83.362443178, 85.497375987, 85.667744886, 83.183743581, 83.840096089, 84.388059303, 81.487905859, 80.773370967, 82.722039723, 83.189846596, 82.908771555, 82.86182468, 82.886316579, 82.575775044, 83.921776697, 80.69691358, 77.529671331, 82.215613036, 83.893569092, 83.593381438, 83.083090602, 83.940722122, 85.069772853, 85.795847726, 85.202482406, 84.309082309, 85.68121446, 86.039850392, 85.577698779, 85.700306646, 85.35340682, 85.464390267, 85.210132984, 65.28448117]

Manual Benchmark of duration 3648.670033931732 over 36 runs:
[101.169077224, 102.264963681, 100.651307038, 103.794944529, 104.172946886, 105.918653291, 105.150286119, 104.946462615, 104.622449131, 103.028345136, 100.324215577, 99.725413561, 100.193332994, 98.087970522, 98.413735729, 100.411316541, 99.300457418, 99.710662082, 99.116873065, 100.230418462, 102.025684449, 101.047169553, 102.639091866, 100.462532129, 100.78175737, 101.180400451, 102.398579649, 103.038039227, 103.951939848, 105.381390704, 105.153877718, 105.876771906, 105.171122501, 105.365393798, 104.840236949, 68.121615678]

Manual Benchmark of duration 3646.940959215164 over 36 runs:
[106.456976282, 107.001976048, 106.928339101, 102.263860725, 102.894266136, 104.54884346, 103.51176916, 104.75807929, 104.633679494, 107.522121548, 103.016689591, 99.226344186, 98.650631918, 97.568459314, 98.397317451, 99.174165896, 98.654929107, 98.721664713, 98.734765172, 100.226560654, 101.138381515, 100.315469997, 102.216754456, 99.949231194, 100.330901844, 101.255581303, 101.86752779, 102.883304475, 103.575351953, 105.446552796, 105.117024419, 105.14845136, 105.749841856, 104.586194507, 105.541463405, 58.926711088]

