[[0.788456316, 25.911112704, 94.95078604199998, 49], [0.732738351, 24.957735629, 96.32507580999999, 50], [0.786313507, 23.917225414999997, 97.63924590000002, 48], [0.7374845089999998, 25.209087690999993, 96.605590545, 49], 
[0.7796783430000002, 25.119539848000002, 98.411453553, 49], [1.0136003219999998, 29.752429281999998, 95.19592393200001, 49], [0.7619449300000003, 31.122425448, 95.85617914400001, 49], [0.7845858819999999, 27.613007601, 97.96439072200003, 49], 
[0.9664958240000006, 25.321478445, 96.958936549, 48], [1.2677556230000004, 26.625468616000013, 95.287003305, 50], [2.9476156539999994, 24.814149337999993, 96.57852013100002, 48], [1.206622875, 27.406781517, 95.55411676599999, 50], 
[1.5396718289999998, 30.587400832999997, 96.39490463600004, 48], [7.103437639000002, 25.607713164000007, 99.278221364, 49], [1.528766693, 26.612428872999995, 99.605699507, 49], [1.7234618790000007, 33.584360709, 94.66419379900002, 50], 
[2.8098611379999996, 28.827903960999997, 94.79176651200004, 50], [5.9916849889999995, 27.646631917000008, 94.56008320400001, 46], [7.393162828999999, 24.378884222000003, 97.89385747300001, 48], [2.5843741079999987, 28.292738883000002, 95.88698243200002, 52], 
[0.9125730789999998, 31.834005153000007, 98.92481344400002, 49], [5.513368967000002, 31.034604403999992, 95.35367104100001, 50], [3.8178362689999994, 28.980963825999996, 98.75467519500002, 50], [0.8090131100000002, 29.917728258, 99.23501702300003, 47], 
[1.0354619800000002, 28.010945322999994, 97.54314136599999, 52], [4.1332193670000015, 27.172018449999996, 97.23547037999998, 48], [1.282867277, 28.946491857999995, 96.99024411999999, 47], [1.8036742240000008, 25.935878595000002, 100.27598984099998, 49], 
[2.622694836, 30.552057383999994, 100.09468354500002, 48], [6.894389741, 24.606317340999997, 99.01530541100001, 46], [0.914450919, 30.782837651999998, 98.107413529, 51], [0.8471259860000001, 33.38363036300001, 94.536254974, 51], 
[1.9772146009999996, 23.13553848699999, 96.44717949399998, 47], [0.9865306869999999, 26.530374895, 97.54532696400003, 49], [1.4591331200000002, 29.424274583, 97.10091571699999, 51], [2.5508443019999993, 26.646941578999993, 95.33183128299999, 49], 
[2.8244388120000004, 27.703891067, 97.44447698700002, 48], [5.919080329000001, 27.872679791, 96.98703184799999, 49], [3.2944706890000015, 28.108932895000006, 97.625869005, 49], [3.2762266209999997, 29.486772437, 96.17454361700001, 50], 
[6.300787062000002, 24.155960517999997, 97.70065755900002, 46], [3.1613311409999993, 24.620373402000002, 101.68803936300003, 49], [1.6627360930000001, 31.962368039, 94.327780546, 54], [7.245985199000001, 25.942992250999996, 98.73453975299999, 47]]
