[[1.3162180699999997, 22.923128885999997, 50.373815727000014, 46], [0.9339509810000002, 25.151759292000005, 47.71072417499999, 44], [2.973691617999999, 21.717995303999988, 49.688334037000004, 46], [1.2730075520000004, 24.312248743999998, 49.40098780699999, 43], [1.1948403220000006, 21.734263002000006, 52.376318782, 48], [3.645756246000001, 27.760919000999994, 48.311849974000005, 43], [1.5453275569999998, 27.166576947, 49.800608887, 45], [0.7200331850000001, 24.555910806, 50.44041277300001, 46], 
[1.094814091, 26.879882439, 50.906830337, 42], [2.1550265509999997, 21.34002522599999, 51.26567176000001, 46], [1.8896032909999998, 23.230807205999987, 50.20826132899999, 46], [1.1858623179999996, 26.681912790000005, 51.442430064000014, 45], [1.5759843029999996, 22.465979819999998, 50.384742334000016, 45], [1.4266518759999998, 22.526033971000004, 50.986763016000005, 45], [0.549929879, 24.036151635000007, 50.59433628999998, 45], [8.591217102, 22.335268477000003, 49.527829436999994, 47], 
[1.799972011, 23.39604896000001, 49.394875592000005, 47], [2.6604164070000005, 23.239932292, 52.370669797, 45], [1.706410512, 26.143880969000005, 49.938691008999996, 46], [1.6916342169999998, 28.167476134999994, 48.121099873999995, 42], [0.918869917, 24.30488610400001, 49.547335989, 45], [1.5716050719999997, 24.374248131999998, 48.927416293, 43], [1.1874759090000002, 22.907350869000005, 51.712963417000005, 47], [1.114134731, 23.168298341, 51.95760786399999, 46], 
[1.0710605139999998, 21.33530051099999, 53.738020829999996, 48], [8.09071511, 20.905221093, 51.97762357899999, 46], [1.1522579379999998, 23.666253685000004, 51.452648156, 44], [1.4659511169999995, 24.569760306999996, 49.813051138999995, 45], [3.5900699019999998, 24.456279147000004, 48.82431780599998, 48], [0.6981413399999999, 25.464695741999993, 50.28335305000001, 44], [0.720510207, 24.083537882, 50.88007227499999, 42], [1.4381446589999998, 25.343822301, 50.112374702, 44], 
[1.6112652529999991, 21.238679133000005, 50.51394125800001, 47], [1.8175374069999999, 22.647026314000005, 49.10152425700001, 41], [0.699772023, 26.913438222000003, 50.070418828, 44], [6.020202872000002, 21.910149792, 50.176566849, 49], [1.1245321939999997, 23.231869355000008, 48.81266980600001, 45], [2.3243552249999997, 21.607648806000004, 49.58771414900001, 47], [2.3961591240000004, 20.848972233000005, 51.68602419500001, 41], [0.7196918699999999, 21.353331260999994, 51.57126871899999, 47], 
[1.5812718330000002, 23.917848961999997, 49.616085475999995, 46], [1.3122496990000003, 26.23397958, 50.242333941000005, 44], [4.405941542, 21.102643862999997, 49.639939170999995, 44], [4.902046446999998, 20.847349902999998, 51.520050145000006, 46], [0.708417404, 24.513287967, 51.576975172999994, 46], [2.543480817999999, 24.027888235000002, 49.015696924000004, 47], [1.330671977, 24.615890456999992, 49.616853809, 44], [2.932291018000001, 21.767888306000003, 49.578326852, 44], 
[3.034976239, 21.553672495000004, 50.557148440000006, 46], [0.9120279620000001, 27.768336338999994, 50.73841709900001, 43], [2.812448334999999, 23.762751550999997, 51.47648117399999, 45], [1.9810833110000003, 26.278831654000008, 47.678484964, 45], [5.354585092000001, 22.51063410999999, 51.967321106000014, 47], [0.9174814600000003, 28.390173462000007, 50.68289557100001, 44], [1.2600298379999997, 24.035021995, 50.435695704000004, 42], [2.332048042, 24.07602131699999, 52.107304694, 49], 
[0.4783983759999999, 23.353147454, 58.57453965599998, 45], [0.6449365880000001, 22.425879686, 54.832760384999986, 48], [0.6923814190000003, 28.273649752000004, 52.277912738999994, 46], [1.627193781, 30.155312353, 50.17738362000001, 46], [0.462426936, 26.056382395000004, 55.01692953299999, 41], [2.459018608, 24.502688498, 51.90501366600001, 45], [0.556567005, 27.331463247000002, 54.419378344000016, 50], [1.069026917, 29.990994015, 51.65148493000002, 40], 
[1.7509354100000003, 21.0174486, 52.137928274999986, 45], [1.7090459329999999, 22.512158574, 50.706189561, 46], [1.254183015, 25.448513542999997, 52.240490252000015, 46], [2.065080969, 22.300717487999997, 50.614354195000004, 44], [1.9235609600000005, 23.927943556000002, 50.64864525100001, 47], [0.831390693, 24.065575457000005, 51.782852197000004, 45], [1.529493508, 27.113763404, 50.985704792, 46], [5.603807049, 21.241041075000002, 52.26282125599999, 42], 
[1.096654948, 27.163052765, 47.58205314799999, 41], [5.888327333, 19.415724502999996, 50.961733232999975, 46], [0.508352205, 24.062712178, 50.290278730999994, 49], [0.581281241, 24.840140181, 49.192625392999986, 44], [0.69262611, 27.202755207999992, 49.03428152700001, 42], [1.0492553779999996, 21.274809843000003, 51.038503955, 48], [0.882193554, 22.690846723, 50.760762966999984, 45], [0.48439545799999995, 25.41306065, 51.666649629000005, 46], 
[6.074675344999999, 25.136985731, 49.014741344, 44], [0.9116086050000002, 25.569960789000003, 51.49338627999999, 45], [1.1214227470000002, 27.862886708, 49.175169090000004, 43], [2.075229636999999, 22.48925718700001, 53.741074279999985, 45], [1.8536818070000003, 24.895328063, 51.75077831800001, 46], [1.066481835, 25.568204799999993, 51.413081656, 45], [2.2682839710000002, 24.169099456000005, 52.503337563999985, 48], [1.6321054520000002, 24.008897776999998, 53.016717158, 45]]
