[[2.10269209, 30.544916567999994, 38.692878058000005, 41], [2.431699595, 24.883952759, 43.96056183699999, 45], [1.3511277789999998, 26.330015754, 43.92143557399999, 47], [2.2728783629999993, 23.368594363999996, 43.695915219, 47], [1.907946415, 26.954168458999998, 43.00409594300001, 44], [1.151014329, 24.490453308999996, 42.106231497, 44], [1.7691253570000005, 24.32315535299999, 42.50438338500001, 44], [6.321696919000001, 25.347253996000003, 40.08392417099999, 43], [3.4724957760000006, 26.002401178999992, 39.10361768399999, 42], [2.1188996259999997, 25.727639505, 41.18606029199999, 44], 
[2.6194095479999997, 23.861969174, 43.04183119699999, 45], [2.7635360190000005, 26.226237677999997, 40.487268775000004, 44], [1.404966379, 27.59340841599999, 43.63106302499999, 45], [1.6514653369999999, 31.012066032999993, 40.15703475799999, 43], [1.1587816869999996, 29.018445986, 42.647011889999995, 44], [1.5028250440000002, 25.157485160999993, 43.44960699799999, 46], [1.288651113, 26.493353933999998, 42.179840582000004, 44], [1.2583037920000002, 28.193599950999996, 40.678804434, 43], [2.2023061389999996, 29.117744308999995, 40.92767499099999, 43], [2.3845414450000004, 24.999707010999998, 41.838875533, 44], 
[0.9448178360000004, 23.420467917, 42.624310499999986, 44], [1.364669553, 24.999914465, 40.752743839, 43], [2.0456516259999997, 24.388347142000004, 41.04675899400001, 45], [2.315981839, 23.716729666, 41.513847228, 44], [1.2167269870000001, 23.551577065000007, 43.014782329999996, 45], [1.6977646680000005, 23.965229597, 42.265828558, 46], [1.3189113409999997, 25.340444338000008, 41.28752690900001, 42], [1.262322644, 25.361187398, 41.369914568000006, 44], [1.8491000570000002, 26.048830226000007, 40.25692206, 44], [2.6339280700000005, 24.846520088000002, 40.792916248, 44], 
[2.2416209250000003, 27.78263468099999, 41.90025760799998, 43], [3.3654496429999994, 25.628930365, 41.39049756599999, 45], [1.9962099070000001, 21.579503258000013, 45.971871617000005, 46], [1.411516444, 27.697831775999997, 41.22480306699999, 44], [1.7666667569999996, 27.323307139000004, 43.85709640300001, 45], [1.5103090160000001, 25.602063535, 43.104962534, 44], [2.4577629379999997, 27.988603616999995, 39.55686542, 43], [1.7344541709999997, 25.815204993000002, 42.16784868300001, 43], [1.966797946, 26.652142894000004, 40.96408251199998, 43], [2.9398218940000014, 29.799870499999997, 41.400813691, 45], 
[1.1309799449999998, 24.463579847000002, 42.531235642, 44], [2.617926348, 23.411753212, 42.274349189999995, 45], [1.5338074899999998, 26.608501735, 40.24088751600001, 42], [1.537634812, 26.999276496, 40.21280711600001, 45], [0.8613550140000001, 25.733528757, 42.163329125999994, 42], [2.2016761870000003, 24.124770661000007, 42.832066066, 45], [1.6708849700000001, 25.441222380999996, 42.07926006, 46], [1.0757008950000002, 25.626071714000002, 42.491982797, 43], [2.249052008, 24.221832716999995, 42.747849202000005, 45], [1.4539280070000002, 27.082606312999996, 40.703434531, 44], 
[1.4943846350000003, 27.932088116000003, 39.175509346000005, 43], [0.869842569, 23.741680656000003, 44.030856306000004, 44], [0.640537438, 23.527016328000006, 44.553797487000004, 47], [1.6841721690000002, 25.055544942, 42.12127510899999, 43], [1.959112615, 25.76666095899999, 41.14849087100001, 44], [1.222107361, 23.775415366000004, 44.004852108, 45], [1.2135743840000004, 27.597680904000008, 40.19330457899999, 43], [2.336384883999999, 23.419418736, 43.30815513300001, 44], [1.165639378, 27.181239921, 40.807342209000005, 43], [1.0260765589999998, 26.085631906, 42.070188851000005, 45], 
[1.304468937, 27.20172558299999, 38.46896543, 41], [1.378096352, 24.275103786999995, 41.49031969000001, 44], [2.744961747, 26.412190772999995, 38.033797529, 41], [1.5126700850000003, 23.134686467, 42.660644174, 45], [1.088292958, 24.776170412000003, 41.583823282000004, 45], [1.3292767869999997, 21.160006111999998, 45.07213286900001, 45], [1.363336021, 24.654716313999998, 41.71930402599999, 46], [0.956396061, 23.362147089000004, 43.430169055, 44], [1.0716889309999997, 22.872537729999998, 43.865419272, 46], [5.151818619999999, 23.4997499, 39.41028251099999, 44], 
[3.4493990869999993, 26.255508322, 40.48609547700001, 44], [2.2431114869999997, 28.420939464999996, 39.776064582, 44], [2.245823821, 25.076300409999998, 42.32028785100001, 44], [2.0727560649999996, 23.750366553999992, 43.823709625000006, 44], [1.2627855149999998, 30.260365806, 42.09249933, 43], [1.4021075060000001, 27.525846661000006, 44.05382621999999, 48], [1.4223055359999996, 29.218607886, 43.09016467700001, 46], [3.829820465000001, 27.065153126, 39.182315870000004, 44], [1.8818881029999996, 27.972601574999988, 40.80812712300001, 43], [3.452492054999999, 25.090324739, 42.29145782600001, 41], 
[1.5361131910000003, 25.206527395000002, 40.42568924199998, 44], [2.0780849120000005, 23.81177720799999, 41.408878669, 45], [1.3378468580000002, 25.171209952000005, 40.99076286799999, 43], [2.610249717999999, 24.501644985999995, 40.57656723499999, 46], [1.3389468080000002, 25.028808854999994, 41.373699501000004, 43], [2.219647325, 23.410280615999998, 42.41060899799999, 45], [1.5257725309999999, 22.694286935999997, 43.91229208500001, 45], [1.3585110470000001, 21.172767229, 45.65733616499999, 44], [2.0716185400000002, 26.188941078999996, 40.21380236399998, 43], [3.615458189, 24.463319424000005, 40.447895653, 43], 
[1.7234201480000004, 23.842034976999997, 42.15359559500001, 43], [2.1263361979999997, 24.451623073000007, 41.495254145, 44], [1.565414617, 23.596015507999994, 43.158558111, 44], [1.7573963799999996, 25.513255324, 41.147374836, 45], [1.7096937460000001, 22.944459716999997, 43.902775038000016, 46], [1.2302262130000003, 26.934957917000002, 40.592562726000004, 43], [1.4901917510000005, 29.159155038999995, 38.13775157, 43], [0.8650797540000001, 25.700075033, 42.33770230399999, 45], [0.8777396700000001, 23.587270734999997, 44.52768286100001, 45], [1.034652551, 26.344585982999998, 41.665837007, 43], 
[1.9244036110000002, 22.888965868999993, 43.32358002399999, 44], [1.579203964, 25.564790116, 41.118465965, 43], [1.8562318540000007, 23.495985493999996, 43.271014373, 46], [1.3571150220000001, 26.798817059, 40.548505047, 43], [0.866822775, 26.769227097, 41.168355473, 43], [0.7003374850000001, 24.849096578000005, 43.437815873000005, 45], [2.164618054999999, 25.921893715000007, 41.01466731100002, 45], [1.7586776769999999, 23.790261161, 43.63602782499999, 46], [1.7802335109999994, 27.114557242000007, 40.51981909500001, 42], [2.1468937239999994, 26.745230853999995, 40.71364072000001, 44]]
