Manual Benchmark of duration 3612.1604669094086 over 57 runs:
[62.005433673, 61.415879571, 62.456938887, 62.339561866, 63.485784979, 63.540985307, 63.216351573, 61.157399071, 61.781691562, 61.973971114, 61.160427929, 60.263889835, 60.25989751, 61.09605775, 60.435706387, 61.005762177, 62.696953816, 63.237552555, 63.588124097, 63.764691198, 64.55837482, 63.353938987, 60.67026858, 62.026319212, 60.514838048, 61.039436925, 61.366749851, 62.837647349, 66.861203484, 65.345696258, 66.253929511, 66.272448875, 65.777762652, 65.703073479, 65.533634628, 64.608888657, 63.60007958, 64.037432517, 64.436164235, 64.910886283, 64.487619587, 64.484612638, 64.890509404, 65.616713115, 65.578143366, 65.293011378, 64.74650536, 65.178843105, 64.968784218, 63.514454771, 64.275206593, 63.592707598, 62.557169064, 63.77511477, 62.621121838, 62.726814919, 63.260390871]

Manual Benchmark of duration 3600.642431974411 over 43 runs:
[80.404806431, 80.950177284, 81.262424164, 82.574002413, 81.608549915, 81.807283879, 80.913242183, 82.100223204, 79.917328384, 80.403465243, 80.264575499, 80.738332388, 82.794645104, 84.276798096, 84.184371414, 84.711109195, 82.20686475, 81.559085832, 79.881926201, 81.175613892, 81.935654836, 86.546968056, 85.434514152, 85.560618176, 85.671809878, 84.90410799, 84.813976317, 84.975406007, 85.350253655, 86.097751478, 86.315997414, 85.154081351, 86.979184049, 87.306284299, 86.716370986, 86.143451287, 86.392435169, 84.629367187, 86.011576455, 84.849882837, 85.311534515, 84.902171662, 84.903797488]

Manual Benchmark of duration 3605.0380170345306 over 43 runs:
[79.916813602, 80.89147193, 81.118222058, 82.419828504, 81.01803151, 81.317183014, 80.848774159, 81.46296354, 79.733917771, 79.088366726, 79.509336683, 80.028601705, 81.815412474, 83.57749015, 83.671659616, 84.414709595, 82.096259406, 80.479724656, 79.458545886, 79.685956911, 81.513213561, 85.858950782, 84.877213615, 85.357310398, 85.251305309, 85.231933141, 83.550245757, 86.263430248, 86.115447459, 87.464110485, 87.237964475, 87.128040964, 88.257361503, 88.237020562, 88.151058548, 87.5233889, 87.487881491, 85.992624236, 87.242883475, 85.74518476, 86.535396126, 85.786219715, 85.676125056]

Manual Benchmark of duration 3604.4837970733643 over 42 runs:
[82.478712499, 83.172756294, 83.634751391, 85.197617644, 83.765952877, 83.391767955, 83.62072724, 83.306211775, 82.323599284, 82.538692524, 81.818650612, 83.691546918, 85.534827118, 86.704488483, 86.063819258, 86.218539634, 82.720412161, 83.138515966, 82.695238385, 83.012232937, 86.543840596, 87.639707978, 88.367462298, 87.226365387, 87.052572571, 86.971883508, 86.442235167, 87.284476554, 88.161924654, 88.569620554, 87.985313801, 88.858189899, 89.688309782, 88.966107419, 88.24690877, 89.041659828, 86.715127715, 88.168989978, 87.017223212, 87.362814669, 86.652488978, 86.490890455]

Manual Benchmark of duration 3612.7789628505707 over 42 runs:
[82.622583173, 84.435452911, 84.513511811, 85.959741816, 83.824856751, 84.666401737, 84.252716182, 83.392171081, 83.034368175, 84.022918714, 82.464718262, 84.532283897, 86.415163617, 87.377119651, 86.887764321, 87.60189015, 83.130235173, 84.194038298, 83.461877762, 84.308960472, 87.542285428, 86.591058553, 87.682337655, 87.238159197, 86.837191631, 85.795585602, 86.316142516, 86.771548754, 88.226732852, 88.508398652, 87.376580492, 89.05189463, 89.509419487, 88.893758573, 87.750026444, 88.380232429, 86.399177857, 87.897508555, 86.695869889, 86.894583598, 86.718762478, 84.602432303]

Manual Benchmark of duration 3619.6133649349213 over 44 runs:
[81.05190313, 82.443716722, 83.433755832, 83.966165485, 81.699161398, 82.559410824, 82.182704671, 81.995681185, 81.879857259, 81.550608355, 81.653463084, 81.463342387, 83.79684416, 85.685990466, 83.100383216, 84.499487283, 82.017160313, 81.88127514, 80.721862644, 83.120387334, 83.36178176, 82.587424728, 81.939659066, 82.468693052, 81.500166632, 81.80007635, 80.847526222, 81.804469275, 82.267594348, 82.548463718, 83.32728628, 82.285849284, 83.015131, 83.650764805, 83.166957763, 82.309379784, 83.182407423, 81.410208976, 82.283962388, 80.835899208, 81.36529493, 80.75559345, 80.329478618, 79.865484186]

Manual Benchmark of duration 3622.4960708618164 over 44 runs:
[81.075462312, 83.072195735, 83.604321498, 84.651449585, 82.349991223, 83.135977899, 82.210850381, 82.110725402, 81.842150597, 82.219974787, 81.554597861, 81.736181469, 84.405590837, 85.15163682, 83.681843468, 84.61823522, 82.416572586, 81.9806156, 81.558541412, 82.409654086, 83.50157756, 82.363667406, 81.975402791, 81.742436757, 81.513639071, 81.27617598, 81.18542703, 81.352920431, 82.253254154, 82.491598528, 82.747358925, 82.733270283, 83.012331371, 83.708756228, 83.132828356, 82.298943492, 83.285773019, 81.322496244, 81.833816445, 81.185800348, 81.469379395, 80.306293849, 80.754544951, 79.261261091]

Manual Benchmark of duration 3634.0514278411865 over 48 runs:
[74.538073766, 75.91222855, 76.913429259, 77.927453265, 76.821038447, 75.637518691, 76.367893679, 75.760144268, 75.893635171, 75.350105459, 76.025227637, 75.166106062, 75.153683872, 77.175224492, 78.954191173, 77.751261733, 77.264138685, 77.382668072, 74.551627343, 75.786967779, 75.751062559, 75.409948037, 76.560124776, 75.661460915, 75.375840405, 74.73064109, 75.107224157, 74.993786506, 74.26439542, 74.715089388, 74.886377879, 75.290484539, 75.93522703, 76.634730204, 75.405981075, 76.423764251, 77.06324413, 76.489939779, 75.755868845, 76.4731036, 75.351455907, 74.729737073, 75.794009754, 73.849090769, 75.296890861, 74.354776585, 74.158010048, 71.256006787]

Manual Benchmark of duration 3643.75386595726 over 48 runs:
[75.102140892, 76.521504509, 76.491675577, 78.416265883, 77.372039335, 75.82375096, 76.451204154, 76.264725721, 76.022231981, 75.321206208, 76.248104267, 75.46543332, 75.34900076, 77.880493063, 78.525313182, 77.731121161, 77.891676052, 77.294685306, 75.189518242, 75.800178934, 76.357214086, 76.151808559, 76.883131356, 76.089390769, 75.701443448, 75.297860683, 75.587489723, 75.266692892, 74.726439493, 74.866890742, 75.549168729, 76.091696337, 76.126517955, 76.699367901, 76.084523779, 76.821318615, 77.526594605, 76.527882223, 75.763898248, 77.170463774, 75.128919259, 75.460599406, 75.561813512, 74.264016419, 75.070725065, 74.307120035, 74.35332453, 67.154684292]

Manual Benchmark of duration 3638.609892129898 over 43 runs:
[81.865219787, 82.463299671, 82.782898975, 83.966418791, 83.085709485, 82.496758747, 82.219865461, 82.868193411, 81.630906801, 81.576090983, 81.502757951, 83.073350674, 83.918026075, 85.882802464, 86.291067716, 85.420606335, 82.520542752, 83.056455402, 81.125587424, 82.381486742, 84.427259683, 87.118944113, 86.832050862, 86.635567473, 86.468211961, 85.978732608, 86.207902046, 86.274168792, 87.024240055, 87.906153358, 87.375846964, 87.276847253, 88.688668649, 88.559546919, 87.475843964, 88.336951678, 86.433989251, 86.943567645, 85.459078357, 87.071402459, 85.837876977, 86.271838248, 67.876454875]

Manual Benchmark of duration 3639.4023900032043 over 43 runs:
[82.567815405, 83.700140678, 83.652660207, 84.713964796, 83.757937998, 82.638412113, 83.434389555, 82.728116763, 81.114227046, 81.706744509, 81.194381889, 82.836473422, 85.251551616, 85.863768806, 85.608450104, 85.515365889, 82.806146919, 82.606745088, 81.713558359, 81.865346398, 85.100332768, 86.397867597, 86.83938433, 85.906564935, 86.326470673, 85.37059917, 86.032371805, 85.669694244, 86.436156623, 87.21677206, 86.732085934, 87.620014923, 88.038649701, 88.012194393, 87.34887153, 87.74683285, 86.331677059, 86.381941737, 85.892122804, 86.981332022, 85.267650632, 85.704988098, 70.771002608]

Manual Benchmark of duration 3638.700232028961 over 43 runs:
[81.633315759, 82.410520626, 82.259218874, 83.9415807, 83.085643966, 83.299235326, 83.484954609, 82.141379173, 79.591525538, 79.983931262, 79.586602881, 80.81919833, 82.960111588, 84.303236306, 83.787163256, 84.513611305, 81.374768405, 81.233931285, 79.152730962, 81.177841454, 85.215267378, 88.978329836, 86.522060058, 86.892634917, 86.436000546, 85.988521016, 85.457691566, 86.922582671, 87.786973293, 88.569306716, 88.320413923, 88.347798388, 89.997312348, 89.529062522, 88.444986357, 89.101119796, 87.771682932, 87.685201035, 86.967759203, 88.423029648, 87.142185438, 87.213026215, 70.246093053]

Manual Benchmark of duration 3641.4374101161957 over 43 runs:
[82.466445818, 83.18070024, 84.183881196, 84.749787147, 84.298664172, 83.345428084, 83.600675467, 83.298320334, 81.244638652, 82.995916997, 81.288835675, 83.61429242, 85.396387881, 86.624778732, 85.439276533, 86.133865556, 82.192995126, 83.135346567, 82.004235105, 81.511755803, 84.741533037, 86.280288599, 86.404954668, 86.457795831, 86.311909014, 85.762491087, 85.493920969, 85.740793035, 86.47427547, 87.159044089, 86.719451297, 87.121338727, 88.093990554, 88.34428029, 86.852664123, 88.284268524, 85.590457026, 86.470412011, 85.743464363, 87.034928098, 85.915292652, 85.818974902, 67.913995163]

Manual Benchmark of duration 3643.91130900383 over 44 runs:
[81.851586255, 84.30292455, 84.430970478, 85.373044735, 83.019277246, 84.086980337, 83.468728084, 82.757746566, 83.068613676, 83.271113051, 81.719464789, 82.206793489, 84.822043547, 85.246517311, 84.046327053, 85.27597078, 82.225372999, 82.551444099, 83.077725344, 82.637289657, 84.507612667, 82.801183773, 83.06466569, 82.184998996, 82.093008232, 81.758982278, 82.425193713, 81.778853346, 82.610156929, 83.502483203, 84.045622889, 82.863308954, 84.755312219, 84.39619529, 84.3480756, 83.288418963, 84.243770943, 82.412087068, 82.907091132, 81.301156181, 82.619105345, 81.596660018, 81.682173544, 67.284504648]

Manual Benchmark of duration 3643.943570137024 over 44 runs:
[81.701551974, 83.166723342, 84.17134857, 84.861470099, 82.925807779, 83.980840081, 83.00322329, 83.248493542, 82.558649897, 83.095823897, 81.998343128, 83.358368746, 85.48602524, 85.91573633, 84.775799521, 85.450864565, 82.755392362, 82.67749007, 83.171825604, 83.290132543, 84.599400746, 83.26867406, 82.614288138, 82.196944349, 82.164218681, 82.286204452, 82.488986671, 81.920397873, 83.236176998, 83.390997266, 84.02502024, 82.908200151, 84.837060091, 84.404653163, 84.292883411, 83.228789724, 83.482088888, 81.785088391, 82.964432652, 80.61474441, 82.416285256, 80.935296123, 81.564940945, 66.723237581]

Manual Benchmark of duration 3649.8169219493866 over 48 runs:
[76.325266197, 77.532514593, 77.86709949, 79.341233918, 77.886693033, 77.254129701, 77.702098155, 76.719529437, 77.292561601, 76.443249141, 77.934966395, 75.290362956, 77.222349931, 79.463825318, 79.885388106, 78.509630229, 78.783055594, 77.268266799, 75.985464275, 75.150321797, 76.121766357, 75.906215955, 77.311684866, 75.109339741, 75.809916897, 74.97261644, 74.857701849, 75.251477195, 74.28139593, 75.216849062, 75.029200705, 75.659883046, 76.156419904, 76.301624799, 75.700598417, 77.029589706, 77.337352682, 76.378792217, 75.67664764, 76.700683401, 75.232308618, 75.24009452, 75.172529999, 74.447212447, 74.677080498, 74.261870387, 74.670234548, 59.447014469]

