Manual Benchmark of duration 3603.712028980255 over 31 runs:
[107.824270831, 115.511512388, 119.61855389, 123.898743198, 111.710299411, 111.005623433, 113.120051473, 118.569936512, 117.992761637, 116.787923863, 119.419966411, 117.91195915, 119.245803048, 119.906612898, 118.515116271, 117.491764755, 116.701459674, 111.099769222, 106.661912393, 119.65014612, 113.489832548, 118.091458994, 119.905376226, 118.829417919, 109.225683705, 104.156153557, 117.752528708, 113.090627524, 105.653787957, 119.644292016, 120.054865068]

Manual Benchmark of duration 3604.780772924423 over 31 runs:
[111.632857006, 112.49783709, 109.371055086, 119.217861375, 106.074192551, 111.350828164, 109.022985551, 122.19937696, 114.551742758, 112.381151419, 139.777742651, 129.758749298, 115.40023577, 119.483092028, 123.372946536, 115.28350194, 125.87015508, 111.071799943, 112.789087733, 120.61042323, 111.457881655, 105.817139141, 104.565698057, 104.919671726, 113.11143183, 121.265498856, 105.932490648, 116.81160077, 119.424991702, 119.065481214, 118.558607069]

Manual Benchmark of duration 3607.677617073059 over 31 runs:
[115.96147955, 120.927334059, 113.801693405, 113.281033803, 117.30114235, 129.340925702, 118.201107797, 107.961223754, 105.358012984, 113.925669938, 111.371461286, 110.373613985, 122.693413956, 107.486877232, 126.354739792, 110.974942625, 125.199068911, 122.554134305, 108.741578764, 109.782306747, 122.456385964, 120.950273528, 120.632793723, 121.322824008, 117.695084356, 112.985496296, 115.103941992, 118.779411311, 114.322149735, 106.764333914, 103.187899976]

Manual Benchmark of duration 3605.0309340953827 over 35 runs:
[94.378860843, 102.015253207, 103.647443147, 106.827398578, 94.620442517, 103.404982834, 100.563587778, 95.868225689, 103.261464875, 104.141865657, 105.629165858, 105.498976851, 104.566937142, 107.091833553, 105.511975863, 102.277247269, 92.062771583, 92.299050311, 105.59825139, 105.970440346, 102.44617483, 103.470403469, 101.837446463, 99.947776342, 105.244168046, 104.61905578, 105.221551994, 106.58534283, 115.9048475, 100.964294619, 93.867134107, 95.631302666, 99.554369264, 109.063646768, 101.097174297]

Manual Benchmark of duration 3615.587774991989 over 31 runs:
[110.94231871, 114.242267858, 118.566648229, 108.199074399, 105.797146846, 111.065985083, 109.92978502, 113.134778779, 105.433878436, 107.658310055, 106.243907119, 126.454287168, 110.879070674, 112.950310504, 128.22373939, 129.261449646, 127.610088025, 129.417714412, 126.82210903, 122.244383162, 116.572441989, 119.408793295, 117.901942265, 121.87750744, 116.729774865, 117.589709605, 113.505723407, 107.894476472, 110.965557518, 108.696832638, 118.001203931]

Manual Benchmark of duration 3617.5080239772797 over 31 runs:
[119.136878407, 112.028915185, 114.8709181, 107.69331008, 107.562527665, 116.781127318, 122.974928311, 113.311731484, 105.70114297, 108.749981665, 138.737108538, 116.286016297, 107.431537566, 119.211057743, 122.6709274, 118.857604285, 123.274786458, 122.292620612, 117.121913792, 121.026818071, 110.611843439, 104.978885849, 105.145774536, 107.918671083, 108.771633113, 121.109163082, 118.42429881, 126.861769757, 127.855595421, 116.642062932, 110.14448716]

Manual Benchmark of duration 3631.0779411792755 over 36 runs:
[105.784828165, 109.869164579, 106.57107064, 98.667342402, 105.037553149, 102.770222449, 99.612872292, 104.309466828, 104.671205769, 106.505337265, 107.895008049, 95.403428129, 95.682586999, 93.238561025, 93.903498859, 105.993104994, 102.117959034, 95.563959004, 105.14226311, 94.013056178, 110.253442437, 102.842606315, 102.684492909, 96.175997625, 96.48247618, 97.704279249, 95.310956507, 94.827317161, 95.474541129, 96.590694225, 95.848943525, 93.581094437, 95.078016501, 102.543964353, 102.095154053, 97.226911921]

Manual Benchmark of duration 3649.754135131836 over 36 runs:
[97.497784474, 113.29694804, 108.802519489, 95.760351046, 105.069780585, 100.078642369, 107.731367898, 93.362200063, 96.804254893, 93.166671271, 100.317407311, 98.028182005, 98.205446559, 95.305098002, 107.707026768, 92.326858034, 98.353623231, 101.216919447, 103.085415701, 110.478191317, 95.936971633, 111.06555602, 103.875295308, 102.557751171, 92.773647725, 93.839946922, 95.74386212, 94.256195915, 107.610180053, 106.565314167, 107.669843695, 95.907572035, 96.742860413, 105.263597927, 99.958705266, 99.350370994]

Manual Benchmark of duration 3645.464166879654 over 32 runs:
[116.913592809, 112.859737749, 106.578087092, 105.42154045, 106.236075596, 109.862114556, 113.123553341, 118.816187084, 115.797674994, 118.428318976, 117.482213107, 119.021007121, 116.03953981, 116.526825304, 117.376747975, 118.680612305, 116.311208189, 107.554594685, 132.515991573, 122.2663673, 110.983025961, 103.246775505, 106.681485741, 104.143081513, 105.160621282, 108.06285998, 108.612025592, 109.62739968, 107.612719506, 114.287689395, 123.578602288, 114.743483277]

Manual Benchmark of duration 3685.077138185501 over 35 runs:
[104.428815132, 107.515935518, 103.151635759, 96.822411806, 96.169777041, 95.463461075, 103.672375119, 100.568281362, 114.919151716, 116.957193901, 107.359129524, 101.642211727, 111.961177035, 100.982183837, 99.117618756, 96.54217857, 96.603054271, 110.283212739, 95.760940709, 111.326988613, 111.734293277, 107.880570125, 112.413570095, 100.797723973, 97.920709809, 93.437992121, 97.755547683, 97.673553627, 105.459407766, 111.207491445, 115.395711778, 113.935511728, 112.165560382, 113.588967076, 97.781152359]

Manual Benchmark of duration 3682.0979759693146 over 31 runs:
[117.479787377, 115.33511384, 118.597316839, 113.054855487, 109.797459151, 132.682757754, 118.402307489, 106.337191854, 108.331959672, 119.864247421, 121.150579167, 118.665218635, 121.172999169, 122.067485957, 121.031834051, 120.013501115, 118.990116343, 108.550231396, 116.732058121, 118.792343386, 117.828804669, 118.667106764, 120.158204908, 122.141449071, 116.722930033, 117.246658123, 114.538581122, 127.49868326, 122.375782996, 114.022650395, 121.263767768]

Manual Benchmark of duration 3686.746090888977 over 32 runs:
[107.605779165, 114.850701091, 119.107079289, 124.389223649, 121.850259083, 118.038744894, 131.737666131, 112.515031103, 114.395170491, 108.290775894, 107.912201955, 107.453640877, 115.634102172, 112.934878114, 114.723426678, 112.13185589, 116.499964071, 110.576359582, 108.07131636, 117.138936035, 121.955512998, 104.41243683, 105.886788191, 104.469341817, 105.087663385, 115.146263774, 122.341839466, 122.59492097, 127.691923387, 121.955816273, 123.987860155, 93.499405565]

Manual Benchmark of duration 3686.053948163986 over 32 runs:
[114.761035912, 115.929293956, 111.942137726, 119.8538607, 122.659088762, 117.499775763, 115.90453416, 117.872257885, 118.87609877, 104.244689136, 103.49073808, 106.857728135, 104.84844431, 104.71958693, 119.681038007, 118.303797074, 105.911838071, 119.805257026, 118.855624656, 117.443153685, 120.096341011, 119.661234531, 107.454770232, 107.087824308, 110.228256156, 122.722917802, 117.364196566, 120.227307219, 117.682458983, 118.44154985, 119.044777327, 105.271152805]

Manual Benchmark of duration 3686.42990899086 over 31 runs:
[115.576739574, 114.904361791, 115.747177538, 114.415499655, 120.375930508, 122.621498368, 114.243395995, 128.238872965, 118.271299797, 116.911521576, 118.68934975, 117.37953195, 119.360768755, 114.813241694, 117.288442165, 117.749572514, 116.94415911, 119.007968074, 118.002795797, 118.69584071, 112.357460267, 116.752859551, 119.183570965, 116.803892056, 118.417292385, 119.68724213, 132.765027322, 109.325544058, 115.358605057, 129.922775386, 114.942403803]

Manual Benchmark of duration 3682.4244260787964 over 32 runs:
[115.213117904, 126.122172978, 112.804805765, 114.440210014, 119.018540955, 119.904063361, 127.094167202, 125.607900128, 113.947011445, 115.259863256, 114.852963952, 109.605038372, 126.21193503, 114.131292675, 117.029297415, 109.227618555, 108.68511157, 119.85409102, 115.800387945, 115.252550789, 111.019365771, 114.821164308, 106.805668468, 105.001434298, 108.223734989, 112.046245922, 113.046200464, 107.607398238, 113.605092106, 122.139480279, 112.842812172, 94.655203078]

Manual Benchmark of duration 3699.0726680755615 over 32 runs:
[117.851801737, 120.791206717, 119.670192081, 121.839132889, 120.573980567, 116.056510199, 105.250627326, 105.986619825, 118.542497574, 118.663349596, 118.91856794, 118.707319613, 119.610764108, 117.789164591, 108.751455355, 104.801436205, 105.03319138, 107.607941778, 104.965952854, 105.949384328, 105.748280053, 119.581649835, 118.921325601, 120.536436391, 119.472257095, 116.043753192, 118.129091524, 117.235044766, 119.025138438, 122.262550794, 119.502447581, 103.298572246]

