Manual Benchmark of duration 1354.0675530433655 over 100 runs:
[13.506694086, 13.374203096, 13.554823299, 13.201187317, 12.629327307, 13.39703522, 13.58577134, 13.585531747, 13.203543576, 13.453971223, 13.707060463, 12.906764311, 13.404606106, 13.485716015, 13.761988991, 13.398206086, 13.918082792, 13.992439032, 13.941241651, 13.961334225, 13.686137113, 13.428275019, 12.854595594, 13.558031076, 13.625261323, 13.630105204, 13.441086961, 13.674711617, 13.753461699, 13.789031854, 12.867048355, 13.795542312, 13.911203598, 13.541754267, 13.816692222, 13.87365955, 14.490099577, 13.787014106, 13.771265759, 13.923964782, 14.106738995, 13.962770148, 13.728443388, 13.634215521, 14.401095615, 14.054084736, 14.816176333, 13.946991005, 14.143609501, 14.269227167, 14.084772381, 14.371936062, 14.092426195, 13.31608418, 13.859760318, 13.966956721, 14.103634972, 13.246108976, 13.624851526, 13.720293241, 13.748668283, 13.63265508, 13.553033129, 13.333559989, 12.754706722, 13.209192711, 13.04975051, 13.679106442, 12.762282694, 13.608300689, 13.668272829, 13.691105897, 13.67827108, 13.801312014, 13.130879905, 13.780694662, 13.110153496, 13.858592108, 13.310207249, 12.731648751, 13.265478802, 12.777883375, 13.383848743, 12.808365957, 13.642333345, 12.894856362, 13.684486512, 13.041393201, 13.704034246, 12.874903462, 13.248428377, 13.388549208, 12.710570874, 13.370465656, 12.716286711, 13.504659051, 13.485846577, 12.860461037, 13.21204646, 12.760626235]

Manual Benchmark of duration 1515.9490740299225 over 100 runs:
[15.56345073, 15.498298535, 15.527489727, 15.133872093, 14.755042966, 15.626436639, 15.49838536, 14.596197501, 15.709739818, 15.693351878, 14.73473363, 15.524942233, 15.747044695, 14.738687842, 16.103411325, 16.146871015, 16.074023466, 15.716020018, 15.528002574, 14.913582131, 15.524611756, 15.166104604, 15.456686428, 15.634871074, 15.665825496, 16.024407291, 14.855466316, 15.848213658, 15.836390882, 14.97116126, 15.910294435, 15.813085149, 15.940470078, 15.765795059, 15.994725223, 16.141730004, 15.909991611, 14.881720599, 16.451366203, 15.236423741, 16.104595081, 15.939588338, 16.242584135, 16.282278617, 16.377551995, 15.607057137, 15.221965911, 15.161354175, 15.090329633, 16.040963704, 15.223217126, 14.695121984, 14.961350872, 15.700418988, 14.657127649, 14.680752197, 14.594408273, 14.32597984, 14.230085941, 15.540654099, 14.627437354, 14.87729135, 14.889114259, 14.909200536, 15.660491449, 14.930313222, 15.067159455, 14.994580118, 15.0062174, 14.474405022, 13.85814723, 14.401868458, 14.544874373, 14.617597125, 14.020248515, 14.767740731, 14.885557184, 14.83418387, 14.848563038, 14.094049319, 14.341572133, 14.563153049, 14.432578215, 14.514267768, 14.564392286, 13.9503355, 14.77536003, 15.189278159, 14.701441647, 14.645269064, 14.57146846, 14.572388235, 14.513899733, 14.795554516, 14.272195543, 14.913083593, 14.874985888, 14.868827359, 14.912644897, 15.130423055]

Manual Benchmark of duration 1516.19983792305 over 100 runs:
[15.462381947, 14.76004034, 15.477717765, 14.368439479, 15.344019116, 14.913977988, 15.444479844, 14.415196334, 15.583014997, 14.939348537, 14.568847893, 15.413308299, 14.954935178, 14.698527284, 15.743132727, 15.925481735, 15.207156125, 15.026017097, 15.665730282, 14.731791065, 15.601548586, 14.963937969, 15.568684438, 14.826373731, 15.600592438, 15.927763547, 14.818548039, 15.764164637, 15.889864555, 14.909161748, 15.816542891, 15.841596203, 15.91547094, 15.043086439, 15.715905429, 16.190928343, 15.988557308, 15.681830115, 14.803801089, 14.668012869, 16.096812512, 15.925806196, 16.126371391, 15.521496949, 16.136209653, 15.610611257, 16.260069235, 16.043781377, 15.339309212, 15.98966562, 15.396961867, 15.962989509, 14.923876666, 15.699531486, 15.62496737, 14.904761603, 14.678410157, 15.321698339, 14.278448601, 15.443580085, 15.599652169, 14.872069946, 15.724488175, 15.029314054, 15.69410102, 15.113856283, 15.864219405, 15.204120767, 15.982895179, 14.57736843, 14.66854872, 14.522268467, 14.75434927, 14.761911249, 15.532598793, 14.852658077, 14.934282295, 14.955913352, 14.991291618, 14.793384616, 14.450279481, 14.689230387, 14.639905865, 15.214637246, 14.836275202, 14.761463047, 14.813806542, 14.36511677, 14.649085641, 14.553056355, 13.811466642, 14.338296982, 13.723019413, 14.606791266, 14.993640134, 14.014147719, 14.711265658, 14.094045039, 14.721782833, 14.317393471]

Manual Benchmark of duration 1520.6033251285553 over 100 runs:
[15.521732034, 15.483859706, 15.482599379, 14.33595517, 14.754842485, 15.595394459, 15.534211022, 14.542955087, 15.688537904, 15.699520432, 14.616431204, 15.537325869, 15.749985147, 14.718462498, 16.03210452, 16.117145076, 16.037075559, 15.016754731, 15.578772857, 15.518010815, 14.873874869, 15.749518777, 14.817543966, 15.706804979, 15.497044767, 16.092424105, 14.726154471, 15.859640311, 15.94242997, 14.942574862, 15.813482132, 15.83285381, 15.948796024, 15.696524353, 15.205433221, 16.105066069, 15.918234864, 15.554036994, 14.898593665, 15.933710102, 16.017957053, 15.931199452, 16.163139834, 15.589255434, 16.117035523, 15.70472938, 16.003994609, 15.281889702, 15.112143236, 15.258886795, 15.938181761, 14.962140167, 15.644948938, 15.102338327, 14.709413603, 14.71614596, 15.244596327, 14.490420937, 14.180002797, 15.600915088, 14.592750852, 14.945364374, 14.975253405, 15.572670069, 14.995835963, 15.005542613, 15.744654417, 15.096037146, 15.199376595, 14.59290786, 14.659310465, 14.545915302, 15.396401691, 14.749369148, 14.814011925, 14.837508364, 14.957234727, 15.002680438, 14.976353964, 14.803929419, 14.506865696, 15.319887935, 14.619453075, 14.590847163, 14.830670002, 14.791530574, 15.453528882, 14.39012427, 14.765808243, 14.654738725, 14.572333593, 13.760119734, 14.577998144, 14.782666196, 15.16049371, 14.821011672, 14.888856872, 14.873164424, 15.072258064, 14.261527196]

Manual Benchmark of duration 1537.3443400859833 over 100 runs:
[14.494172737, 15.225203791, 14.72448905, 15.156425524, 14.705237492, 15.564726038, 14.826803252, 15.229232829, 14.752732139, 15.617288367, 14.760100973, 15.540568419, 14.941902118, 15.536363969, 14.955412623, 15.768992426, 15.069652514, 15.159620853, 15.60516364, 14.788362752, 15.709929267, 15.676283075, 14.989273815, 15.347392595, 14.851751826, 15.082035883, 15.588848024, 14.898196907, 15.749623125, 14.897249278, 15.724828121, 14.905796468, 14.853298533, 14.938879121, 14.914751848, 14.943681464, 15.091162933, 14.792852426, 15.510210506, 14.64305826, 14.790621491, 14.387910334, 14.859804226, 15.04997064, 15.331907607, 16.104622554, 15.481623024, 15.496295359, 16.023850954, 16.070478228, 15.3274826, 16.129194054, 14.926196254, 14.878893087, 15.73619739, 14.931172228, 15.503327863, 15.457151526, 14.652641043, 15.076683763, 14.761405679, 15.433684452, 15.065401623, 15.653915379, 14.995586201, 15.781882219, 15.060993718, 16.014245784, 16.181594616, 16.038582595, 15.545485255, 15.594083447, 15.713674719, 16.445152679, 15.880677016, 16.032329358, 16.039058696, 16.050719972, 16.721297874, 15.86962551, 15.472596562, 15.737562477, 15.662135627, 15.684019806, 16.533184149, 15.817240583, 15.677698599, 15.44989456, 15.677701412, 14.881471029, 15.587804675, 15.443261266, 15.777328127, 15.368563638, 15.849801772, 15.876523421, 15.195284876, 16.085864184, 15.299115592, 13.63965934]

Manual Benchmark of duration 1656.9142498970032 over 100 runs:
[17.505904393, 16.921441834, 16.487447997, 17.181145441, 16.863338575, 16.959599441, 16.408649857, 17.645382456, 16.935606168, 16.655055212, 16.750054895, 17.616970142, 16.948082754, 17.347525894, 18.036073469, 17.018197328, 16.882319572, 16.751815756, 16.724722186, 17.065348283, 17.311218643, 16.971474125, 17.145000151, 16.778906151, 17.110327855, 17.820264598, 16.815068631, 17.166841706, 17.742394696, 17.164751741, 17.028503245, 18.094482225, 17.338147063, 17.616492419, 16.886437023, 17.853334588, 17.415003511, 17.982672325, 17.635479871, 18.281281258, 17.865001174, 18.207587123, 17.35144009, 17.219587678, 17.468494165, 17.399887495, 16.733579994, 17.02524259, 17.69374608, 16.780615248, 16.605314356, 16.514816699, 16.214965878, 16.914364077, 16.779656712, 16.954129089, 17.005158545, 16.946931799, 17.767921041, 17.200758561, 17.174327036, 16.292793451, 16.464126497, 16.522236526, 16.716785466, 15.945985719, 16.782578438, 16.849918832, 16.266445128, 16.920930869, 16.997356741, 16.530259482, 16.591713021, 16.603897043, 15.94078772, 16.680375528, 16.683425551, 16.730577939, 16.391191275, 16.105682611, 16.439776517, 15.92100342, 16.323973346, 16.07150588, 17.038046479, 16.115562411, 16.76097757, 16.172452253, 16.327272451, 15.539910619, 13.831914277, 13.638460111, 12.864917606, 13.269338381, 12.619677378, 13.224430472, 13.326795379, 12.620136713, 13.314816147, 12.789294478]

Manual Benchmark of duration 1659.8561611175537 over 100 runs:
[16.523393274, 16.563057747, 16.70268468, 17.29327891, 17.620682033, 16.905518666, 17.259216785, 16.807119693, 17.027738555, 17.530711439, 16.906279825, 17.670712715, 16.999215977, 17.164416647, 17.23928138, 17.858066775, 16.906755007, 17.608490255, 16.969609391, 17.089553622, 17.3700663, 16.888551814, 17.106487275, 16.848803758, 17.775655664, 16.36453064, 17.640024093, 17.003706321, 16.84861498, 17.07120815, 16.888620325, 17.08423868, 16.433391257, 16.842242236, 17.521459813, 17.131466769, 17.974304493, 17.224865762, 18.256258835, 17.593577369, 17.692856121, 17.683397011, 18.065965214, 17.432275575, 17.438097875, 18.183027005, 16.994162893, 17.759138069, 17.191826722, 17.548732229, 16.681671436, 16.618890957, 16.978529917, 17.029354133, 17.552291167, 17.043862568, 17.124459794, 17.751071286, 17.243133267, 17.94667305, 16.516965316, 16.928368009, 16.522772745, 16.502266983, 16.702344277, 16.016979454, 16.870626836, 16.825568525, 17.166934218, 16.885847222, 16.947359418, 16.512942208, 15.987617406, 16.556966455, 16.559185262, 16.87207167, 16.652191787, 16.663314562, 16.530107308, 15.941078662, 16.525186143, 15.738400409, 16.477704216, 16.075823155, 17.043941055, 16.042163299, 16.169741716, 16.871472812, 16.426947784, 14.759403323, 13.702870225, 13.64605533, 12.755607538, 13.243653558, 12.489998437, 13.274370498, 12.639610481, 13.172338012, 12.680242574, 13.485273236]

Manual Benchmark of duration 1663.2699389457703 over 100 runs:
[17.286562514, 16.718351105, 16.332536528, 15.702849076, 16.672469323, 16.870604411, 16.268674856, 16.643310337, 16.879605369, 16.45102747, 15.995588651, 16.85265464, 16.551099234, 17.271466741, 17.232790779, 17.095668635, 16.781585064, 16.505014169, 16.786579275, 16.120665542, 16.74207811, 16.729565895, 16.687570403, 17.239433872, 16.699938113, 16.995751868, 16.973592326, 16.935421341, 17.69743389, 17.099879255, 16.89889823, 17.039045747, 17.28102169, 17.199746785, 16.762425927, 16.790586583, 17.737775275, 17.348221378, 17.352599507, 18.264020323, 17.380329452, 17.850350065, 18.213181008, 17.522394282, 18.128644962, 17.554304551, 17.257879714, 16.75490454, 17.805499971, 16.905384886, 16.919327608, 17.402846598, 16.627165515, 17.053677776, 16.88529641, 17.022383092, 17.7653071, 17.07267863, 17.14299955, 17.881080065, 17.328181566, 18.477293761, 17.601745591, 17.607453086, 17.612329463, 17.74565472, 17.91512624, 18.041775662, 17.360896165, 17.927181603, 17.973136661, 17.516510938, 17.015510719, 17.58553663, 17.580598793, 17.823386563, 17.138747285, 17.254535247, 16.709215002, 15.941402081, 16.500818482, 15.746879394, 16.552017416, 16.229058179, 16.240918739, 16.699669156, 16.077985304, 16.248108225, 16.305042997, 14.607969682, 12.955634979, 13.626730253, 12.595666002, 13.215725256, 12.421355313, 13.347069572, 12.609365001, 12.45258936, 13.294154366, 12.746509356]

Manual Benchmark of duration 1673.3868610858917 over 100 runs:
[15.828695667, 16.410090881, 16.595825021, 17.162029037, 16.817959734, 16.813586135, 16.507497088, 16.650420661, 16.915947482, 16.68644644, 17.490306702, 16.896289649, 16.769614122, 17.107820027, 16.41278886, 17.801923127, 16.912051607, 16.886592577, 17.782945074, 17.845411709, 16.809010997, 16.887692179, 17.801572463, 17.077280722, 17.715394162, 17.089186628, 17.038349432, 16.990934742, 16.910135476, 17.780115307, 16.991072063, 17.089629272, 17.200546691, 16.8648701, 16.998958882, 17.65776831, 17.380347036, 17.191931011, 18.074281075, 17.450366366, 17.47896281, 16.848216305, 18.094873563, 17.301183989, 17.333118885, 17.45766867, 16.893856027, 16.861678392, 17.023644631, 16.708349069, 16.811733809, 16.713804038, 16.983217348, 16.467639704, 16.781948752, 16.932212404, 16.910758112, 17.038646029, 17.012391363, 17.147819546, 17.228867951, 18.366319409, 17.490996898, 16.876569318, 17.518952771, 17.648623687, 17.104013159, 17.917947804, 17.287196963, 17.824126173, 17.248714869, 17.460232551, 16.931588516, 17.505647445, 16.792228119, 17.705580976, 17.708099765, 16.740245858, 16.740717818, 17.591268208, 16.794818274, 16.653474161, 16.872684151, 17.21049554, 17.820016871, 17.098956851, 17.105174644, 17.37705988, 16.484771285, 14.077453065, 14.591915014, 13.734334102, 13.501666392, 13.395946288, 13.546367763, 13.53593614, 13.366934756, 13.592839837, 13.695926785, 11.146160047]

Manual Benchmark of duration 1673.2161679267883 over 100 runs:
[16.609040668, 17.358728828, 17.401834442, 17.51211159, 17.039398637, 17.629190125, 17.354809837, 16.968597478, 17.77132494, 17.698099808, 17.677943678, 17.094793952, 17.876473128, 17.280295777, 18.145820967, 17.837802676, 17.654086064, 17.127648904, 17.847110126, 17.700840555, 16.9092138, 17.662248539, 17.229945016, 17.66929362, 17.174648382, 17.73967771, 17.151248542, 16.977197266, 17.901079714, 17.091456106, 18.048125571, 18.272772944, 17.858662214, 17.01101162, 17.815731281, 18.274252817, 18.049521777, 18.321333297, 18.507651613, 17.867200644, 18.500646463, 17.458380008, 18.148399962, 17.488498558, 18.25268314, 17.670535934, 17.137261733, 17.880643112, 16.957392153, 17.369860455, 16.632626416, 16.351700808, 17.704738864, 17.600458849, 17.09212044, 17.120402471, 17.838397703, 18.007175477, 17.258731269, 17.299409859, 16.876000845, 16.680254379, 16.54318948, 16.768923131, 16.856750092, 16.932686044, 16.970244802, 17.164100401, 17.078912202, 16.976426945, 16.522391183, 17.378436094, 16.635298216, 15.974135707, 17.520040761, 16.821073075, 15.773442301, 16.559416647, 15.920902285, 16.495256545, 15.680104413, 15.799499711, 16.87176012, 16.26942041, 16.718698735, 16.082047154, 16.18478084, 16.394737651, 14.648379937, 13.705626656, 12.961655081, 13.342412202, 12.589868033, 13.056472103, 12.697291244, 13.269610088, 13.213612651, 12.649702571, 12.789778348, 10.953942082]

Manual Benchmark of duration 1681.6667139530182 over 100 runs:
[17.629034311, 17.69251795, 17.208040262, 16.701946521, 17.700232066, 17.652158541, 16.554911362, 17.855791083, 17.682905195, 16.869450172, 17.734584785, 17.594102691, 17.31714784, 18.27126684, 18.169582066, 17.793081429, 16.800353775, 17.700671992, 16.972208666, 16.996468124, 17.653056938, 17.613123788, 17.349618995, 17.667776439, 18.015355305, 17.02391146, 17.881838105, 17.910548351, 17.393578349, 17.769895834, 18.156615763, 18.303424946, 17.838678612, 16.980010711, 18.022284197, 18.939624951, 17.388152498, 19.205583811, 17.717937001, 18.652132655, 18.38646412, 17.549027438, 18.074205075, 17.689159869, 18.196841435, 17.66143891, 17.195631052, 17.674038528, 16.956065323, 17.454746081, 16.548482962, 17.201337903, 17.71245628, 17.026887595, 17.84233662, 17.168636963, 17.914193785, 17.241944967, 17.883908479, 17.429831135, 16.671773781, 16.730891612, 16.570376829, 16.782646291, 16.926499044, 16.937943548, 17.093095056, 17.135089809, 17.74600947, 16.771202729, 16.673425432, 16.789006956, 16.693921444, 16.776418718, 16.850243426, 17.570899651, 16.47241049, 16.899900943, 16.615031466, 16.679857359, 16.532661286, 16.183841791, 17.167447608, 16.887190827, 16.937885247, 16.319664534, 17.193188711, 15.648154385, 13.8540149, 13.779792555, 13.559524303, 12.739329879, 13.277806352, 13.44795174, 13.393130863, 13.313797183, 13.467564411, 12.912661124, 11.048734588, 9.427918161]

Manual Benchmark of duration 1688.9788970947266 over 100 runs:
[16.598722051, 16.640178206, 17.347745847, 17.395765245, 17.684615685, 16.933209274, 17.302855883, 16.882581573, 17.743761051, 16.929861637, 17.636106701, 17.707431561, 17.070025503, 17.215131637, 18.056020614, 17.149772015, 17.596531977, 17.057621287, 17.791274808, 17.789618571, 16.797120555, 17.60850412, 17.232283378, 16.922157256, 17.80634401, 17.059727829, 17.825144156, 16.971863061, 16.970392892, 17.05594426, 16.865805134, 17.167444187, 16.2791054, 17.640528064, 16.687738255, 16.192372391, 17.172707545, 17.049726149, 17.363538695, 17.643277572, 17.612363119, 18.395994926, 18.255267378, 17.488286053, 18.383422192, 17.454947441, 17.41692458, 17.246387435, 17.687852987, 16.966324779, 17.528316698, 17.328965803, 16.49198242, 17.601642797, 17.079713369, 17.879552095, 17.107029403, 17.895750462, 17.946086478, 17.205388715, 18.363455997, 17.678864211, 17.694614184, 17.687424091, 17.812127317, 18.000843025, 18.1110549, 18.167560897, 17.986558884, 18.081877737, 17.578413858, 17.724769202, 17.662929994, 17.66990288, 17.907990193, 17.914695883, 17.405942265, 17.103591716, 17.60476336, 17.672314367, 16.820587205, 17.787018163, 18.179848405, 17.245125038, 17.955983826, 18.063504658, 17.530473338, 15.044488249, 14.05361092, 14.697540808, 13.524672809, 13.573265557, 14.236472296, 13.659551105, 13.534105271, 13.610086929, 14.550294675, 11.098437273, 9.51530771, 8.655560684]

Manual Benchmark of duration 1688.3082809448242 over 100 runs:
[18.310550319, 16.908836927, 17.317812872, 17.409170377, 16.996275561, 17.513210824, 16.63051763, 17.604957373, 16.993150286, 17.581998216, 16.945823821, 17.694111523, 17.086471155, 17.169831206, 17.324844251, 17.792792047, 17.610692346, 17.050948655, 17.792281969, 17.757404502, 16.893233688, 17.599677548, 17.239351563, 16.921832426, 17.788560059, 17.054039878, 17.825071186, 16.925943422, 17.038763276, 17.077312687, 16.98252994, 17.197352046, 16.981956533, 17.024330318, 16.722685539, 16.953601137, 17.176439296, 17.117592875, 17.395547637, 17.595531502, 17.65902526, 18.327849391, 18.298907507, 17.486349043, 18.325562564, 17.328713289, 17.509483533, 17.217596747, 17.673291837, 16.987880344, 17.502628373, 17.243048818, 16.530415364, 17.658821636, 17.121880547, 17.760350498, 17.205305788, 17.828524108, 18.081642787, 18.198437756, 18.374246494, 17.67511197, 17.696527295, 17.828036365, 17.840979246, 18.012302099, 18.101983588, 18.227209085, 18.044420923, 17.987271716, 17.444435906, 17.78080896, 17.683271484, 17.697934413, 17.909088963, 17.888603053, 17.354679899, 17.742122285, 16.903736739, 17.513821973, 16.906436757, 17.927624686, 17.417905571, 17.886042048, 17.202410935, 18.154899273, 16.658519013, 15.619622687, 13.975736465, 13.972229567, 13.508709964, 14.127832461, 13.612330411, 13.581620586, 13.458255897, 13.67643152, 13.778176445, 10.931302176, 9.368728437, 7.887478991]

Manual Benchmark of duration 1690.99152302742 over 100 runs:
[16.555611314, 16.599333121, 17.260335642, 16.664223473, 17.579161337, 16.913973091, 17.284138951, 16.838351263, 17.024445613, 17.545218269, 16.91484261, 17.651012543, 17.021386411, 17.172699992, 17.934346175, 17.16234809, 17.651697533, 16.92569667, 17.713862118, 17.11866236, 17.471429206, 16.923515047, 17.17454979, 17.585299092, 17.153502904, 16.999312833, 17.777058672, 17.012224877, 17.113245722, 17.961779105, 17.969598867, 18.259445114, 18.060384562, 17.073609349, 17.7273056, 17.994252422, 17.106313261, 16.442700726, 18.407713826, 18.330617061, 18.784579373, 18.366413848, 17.527924636, 18.214347079, 18.351084091, 17.283253931, 17.770543693, 17.954706469, 16.948441985, 17.57844421, 17.573993131, 16.382945926, 17.629388165, 17.577426264, 17.144845832, 17.845030494, 17.904961407, 17.194371444, 18.041062801, 17.426213421, 18.086757097, 17.61343024, 17.64208583, 17.752846075, 17.880655204, 18.048864264, 18.065257079, 18.110891268, 18.019758751, 17.772966958, 17.587789923, 17.095425664, 17.602112577, 17.754422907, 17.786401928, 17.834434898, 17.38178983, 17.030318626, 17.655491033, 16.78853979, 17.597532529, 17.968865025, 17.381786832, 17.845061805, 17.245835448, 18.187072482, 16.615223023, 14.916872805, 13.942001438, 13.879973736, 14.206098452, 13.460917596, 13.599931349, 13.623869091, 13.473533214, 14.355172764, 13.096182339, 11.149126517, 9.42855662, 7.93189954]

Manual Benchmark of duration 1690.535187959671 over 100 runs:
[16.788341962, 17.53564684, 16.377372038, 16.456143733, 16.843297492, 17.624945641, 16.386798833, 16.948358473, 16.940720269, 16.582421356, 16.761874852, 17.606872524, 16.819131511, 17.405110891, 17.963185971, 17.046433127, 16.957078307, 16.808957562, 16.829608012, 17.744990878, 16.734068292, 17.715280043, 17.233938838, 16.88459221, 17.833875961, 17.222296444, 17.552556938, 17.305650686, 17.849765797, 17.099007018, 17.787379777, 18.21044254, 17.349946882, 17.642390177, 16.947673213, 17.013328874, 17.19602538, 17.963599733, 17.43220069, 18.446180964, 17.702408328, 18.49373556, 18.392933088, 17.575414192, 18.476178852, 18.096028959, 17.61220155, 17.320259204, 17.763076316, 17.705466162, 17.655982663, 17.319061548, 17.377803718, 17.703472386, 17.96642564, 17.193972077, 17.940896509, 17.913843785, 18.176709788, 18.371497991, 18.350830749, 18.408026691, 17.692673373, 17.74388145, 17.864073143, 18.031938184, 18.042127783, 17.439604201, 18.006393036, 17.732786569, 17.574100939, 17.741876067, 17.57936399, 17.788436696, 17.807111688, 17.818713643, 16.738383812, 17.693098679, 16.978585606, 17.419305517, 17.647714144, 17.266500778, 18.036334529, 17.221545627, 17.930508361, 17.518686111, 16.620460555, 14.884970178, 14.689399939, 13.83671885, 13.598419493, 13.489423984, 14.290744777, 13.633334414, 13.484226017, 14.370917052, 13.084110549, 11.123624406, 9.497499575, 7.253318048]

Manual Benchmark of duration 1696.7711379528046 over 100 runs:
[17.479502226, 16.959649959, 17.330036779, 17.35183984, 17.77125943, 17.01759449, 17.285294824, 17.817138008, 17.722817611, 16.941685429, 17.716908973, 17.690626672, 17.318387452, 18.215232723, 18.164868143, 17.804156166, 16.889018332, 17.802508058, 17.733311544, 17.058906955, 17.737137752, 17.712238932, 17.915237719, 17.102467797, 18.011893982, 17.762614938, 17.227918185, 17.852281165, 17.202527654, 17.786887617, 17.135754333, 17.267669244, 16.996071186, 17.683572917, 16.870335649, 17.218602891, 17.087956913, 17.300045723, 18.346362208, 17.717308785, 18.551572114, 18.343143995, 18.318987302, 18.374284035, 17.658932343, 17.63390805, 17.92949885, 17.246210228, 17.678367123, 17.624040672, 17.497995831, 17.183319651, 17.727122559, 17.806792325, 17.27705437, 17.873240184, 17.956440372, 18.077688113, 18.180030814, 18.687236578, 18.461672904, 17.810985751, 17.873447253, 18.571278515, 18.159856202, 18.901123, 18.294080351, 18.244017758, 18.816046053, 17.602406403, 18.580235201, 17.802535545, 17.885305288, 18.716458677, 18.028652904, 17.545770512, 17.85030652, 17.796037596, 17.60263727, 17.816518856, 18.187642355, 18.175550838, 18.072661956, 18.09271162, 18.256652781, 16.810750786, 14.852480479, 14.102892794, 14.494269098, 13.719498007, 14.220489403, 13.804947002, 14.305437112, 13.670468887, 14.572154483, 12.080627337, 9.518865716, 9.337373029, 6.19476862, 4.309415185]

