Manual Benchmark of duration 3611.972818136215 over 14 runs:
[274.211066111, 249.275237083, 243.7361964, 241.707897519, 249.125727788, 239.657866388, 251.3260437, 247.288130315, 262.967459673, 276.743412993, 272.363609211, 272.462993346, 238.365970684, 280.236386065]

Manual Benchmark of duration 3642.3521218299866 over 16 runs:
[226.560869467, 232.911526983, 227.761007677, 219.804341819, 229.812202189, 231.586317716, 232.254920969, 239.448827128, 223.974523279, 212.571146121, 230.518625809, 229.759098055, 245.423022915, 221.379145805, 213.068897842, 213.89056949]

Manual Benchmark of duration 3625.0051810741425 over 14 runs:
[248.754724279, 248.579656782, 243.397121549, 238.55609738, 248.168582817, 239.59502218, 246.258883265, 247.694446916, 234.27479901, 287.331439936, 283.634522298, 278.573553421, 287.799921432, 281.211319828]

Manual Benchmark of duration 3678.330088853836 over 16 runs:
[225.970640249, 234.58408587, 245.876687595, 238.18743261, 234.025903031, 237.945738572, 235.740817657, 244.61095873, 231.977742016, 236.795172072, 236.68813995, 209.905676231, 208.002400359, 208.217035684, 226.206555998, 209.207382864]

Manual Benchmark of duration 3694.7787890434265 over 16 runs:
[229.150177727, 231.996513313, 216.775573948, 217.186891955, 224.011730936, 222.416561622, 217.626040408, 226.066867097, 223.897645119, 210.147789548, 217.449518947, 245.680438651, 253.600711617, 233.279175223, 265.508547125, 247.875463209]

Manual Benchmark of duration 3685.8171770572662 over 14 runs:
[271.506645239, 274.00519482, 277.011190222, 277.467155076, 281.203133627, 279.143746666, 272.862404652, 264.62964819, 236.762373154, 234.165806618, 265.558900359, 240.433964543, 236.539411304, 263.550433021]

Manual Benchmark of duration 3696.732950925827 over 15 runs:
[239.456939617, 247.728382161, 256.023845912, 256.412835614, 253.192992602, 259.989360409, 260.303775142, 254.78077791, 251.426189644, 250.188810277, 253.29072864, 218.247970642, 245.314747214, 227.514154298, 210.681402131]

Manual Benchmark of duration 3705.406322002411 over 14 runs:
[253.581588473, 239.807349098, 285.515227199, 284.886086095, 278.210538602, 286.719080711, 280.116723755, 280.503750354, 275.554639325, 281.029992418, 238.991195533, 235.694354501, 234.664434848, 238.583010893]

Manual Benchmark of duration 3725.9388749599457 over 15 runs:
[248.388198584, 249.376736317, 242.008487993, 238.397958471, 247.649748612, 238.000449323, 246.026044364, 246.576088955, 249.218761531, 231.298354294, 234.426992138, 232.851030383, 281.972149561, 257.878727564, 270.676274103]

Manual Benchmark of duration 3778.0876019001007 over 14 runs:
[274.106276043, 283.620447782, 282.151694584, 282.745114824, 280.683946688, 282.492487718, 279.933576902, 284.152694438, 271.202362487, 234.822444358, 268.845830306, 257.351644791, 232.996544703, 251.583176086]

Manual Benchmark of duration 3773.8749389648438 over 15 runs:
[255.387841053, 259.578031032, 245.004857108, 241.299813862, 247.107845861, 239.984326836, 247.99176058, 249.208665465, 247.905493791, 273.384291717, 236.727677146, 234.304368868, 246.36590679, 269.37110419, 266.537124477]

Manual Benchmark of duration 3815.2497141361237 over 14 runs:
[283.185062872, 283.849891034, 289.116951368, 288.844084385, 289.874970533, 290.615355822, 289.924562645, 282.010910052, 265.521836269, 247.31395346, 258.766704802, 241.743143999, 251.747278768, 241.305798774]

Manual Benchmark of duration 3796.654347896576 over 15 runs:
[262.162942511, 267.87727079, 265.262748591, 272.899477038, 264.058821157, 269.912976478, 261.870672981, 257.11106124, 251.007318655, 257.035339584, 241.451375809, 235.855922093, 233.016449523, 233.404269514, 210.713361332]

Manual Benchmark of duration 3826.1568121910095 over 15 runs:
[273.918993579, 259.225761195, 251.812813722, 250.995353525, 251.742866742, 243.912377535, 249.726595156, 253.196947505, 253.043784415, 244.402853371, 251.145085577, 245.604001832, 287.875804151, 256.71920285, 240.212126886]

Manual Benchmark of duration 3848.10852599144 over 15 runs:
[251.402837112, 252.678021984, 245.162854991, 242.842447585, 249.790316908, 238.893755769, 249.96462548, 249.827246067, 234.197551986, 235.807579152, 238.372848684, 278.176773723, 290.850355549, 284.943050062, 293.065465608]

Manual Benchmark of duration 3855.216289997101 over 15 runs:
[251.704518141, 253.064093075, 244.533180327, 243.971578777, 249.21218795, 238.285853264, 250.32952354, 248.488839198, 235.893578545, 243.573360982, 289.569114658, 246.573329653, 291.318590816, 292.096168392, 263.819669627]

