Manual Benchmark of duration 3262.5536930561066 over 100 runs:
[31.134634776, 31.643055299, 31.829105523, 32.609712487, 32.979627095, 33.256209517, 31.907342164, 32.733670988, 32.061810396, 32.141396869, 32.218663992, 32.081208348, 32.522632921, 32.352658342, 32.724944745, 32.146177259, 32.10424244, 31.466570019, 32.502879918, 33.394826116, 33.628706345, 33.412181138, 33.099035877, 33.544689192, 32.686311522, 32.219865921, 32.661997258, 32.824911328, 33.626896242, 33.022668768, 33.354622797, 32.992009915, 33.360884743, 32.740243882, 33.077326801, 33.140185033, 33.235747038, 33.437114957, 33.721518041, 32.656957853, 32.823598034, 32.820120197, 33.128862463, 32.620387944, 32.861047685, 32.881959154, 33.058338125, 31.208067612, 31.019604829, 31.555580068, 31.512127022, 31.437527138, 32.282518772, 32.430025842, 32.00124367, 32.098350809, 32.476647704, 31.893904286, 31.899163281, 32.261934146, 31.992137018, 32.092024598, 32.719126757, 32.359025412, 32.798588339, 32.373797997, 32.263819791, 32.384734638, 32.41807751, 32.741310343, 32.408447778, 32.24864518, 32.465008897, 32.638286802, 32.513771857, 32.198924632, 32.300041463, 32.661480774, 32.517473205, 32.748010652, 32.697131611, 32.492686867, 32.911752828, 32.717156782, 32.60312272, 32.812558648, 32.471223848, 33.117043808, 33.105979029, 33.135444804, 33.480917482, 33.118308162, 33.508482292, 33.284039879, 32.880944908, 33.336659274, 33.437515534, 33.189733587, 33.40358732, 33.478056206]

Manual Benchmark of duration 3568.8601648807526 over 100 runs:
[34.441268534, 35.101749026, 34.922694817, 34.850224098, 34.847152305, 33.839567622, 34.740936406, 34.162493472, 34.369703216, 35.0593676, 34.762270044, 35.092662294, 34.952105097, 34.437590605, 35.205793865, 34.688887951, 34.096253416, 34.089899731, 34.192308003, 33.795336371, 33.801923426, 33.907119092, 34.976994705, 34.401421231, 34.93035431, 34.690852398, 35.725696186, 35.579685576, 35.551438513, 35.188048532, 35.503721971, 35.271371704, 35.504623026, 35.014386462, 35.817181817, 35.680494963, 35.86054731, 34.675117832, 35.233121426, 35.236856219, 35.309508941, 35.452055137, 35.327809404, 35.563784005, 35.01897262, 34.93770197, 35.135490923, 35.757007555, 35.787312214, 35.22601646, 35.967181022, 36.060104132, 36.398584796, 35.763701053, 35.830916434, 35.927430506, 35.881267261, 36.217004886, 36.315483828, 36.76821511, 36.38644571, 36.16860207, 36.335967179, 36.158264387, 36.339789825, 36.320920849, 36.293113618, 36.667185866, 36.473836287, 36.176043638, 36.254478104, 36.374270759, 36.578776778, 36.725897825, 36.147168863, 36.578194288, 36.688427666, 36.503424881, 36.482990943, 36.547064939, 36.825959565, 37.201560372, 37.15444524, 37.496096642, 37.143153435, 36.998283513, 36.92777374, 37.046736483, 37.083978844, 37.155593838, 37.194796666, 36.580040388, 35.687540628, 36.109612512, 36.651614672, 35.830813868, 35.473844983, 35.657470449, 35.542810866, 36.051845332]

Manual Benchmark of duration 3569.7030630111694 over 100 runs:
[34.834401649, 35.130381265, 35.390178626, 36.064579955, 36.166056432, 35.81209424, 35.726744792, 35.563949579, 35.850544903, 35.733728012, 36.193691208, 36.118809269, 36.071236053, 35.735312284, 35.924088952, 34.726669336, 35.432233763, 35.944010043, 36.124776808, 35.75910048, 35.956952144, 35.629342467, 33.658477988, 34.00823709, 33.809490579, 34.51594223, 34.845955167, 34.44032341, 34.524682196, 34.356013422, 34.494099148, 34.27989167, 34.406997349, 34.749211898, 34.437745749, 34.689769875, 34.278391854, 33.638078103, 33.689716896, 34.396295335, 33.869197417, 33.815806882, 34.108847441, 34.255225852, 35.038572382, 35.00608316, 35.17204022, 35.355342252, 35.423390562, 34.677009242, 36.013135187, 36.40369877, 36.130000803, 35.774135096, 36.141034701, 35.96686716, 35.959252379, 36.657881477, 36.668065118, 36.496498894, 36.698365805, 36.238238316, 36.769355368, 36.508258002, 36.430049143, 36.652580306, 36.740762991, 36.798226519, 36.772423444, 36.197070295, 36.375963138, 36.736276034, 36.728706338, 37.072985705, 36.543019642, 36.526559952, 36.842438189, 36.828410126, 36.414447847, 36.764251497, 37.357327329, 37.17748146, 37.528151162, 37.261437717, 37.491124339, 36.858772723, 36.958860769, 37.195528411, 37.406503166, 37.204413058, 37.200957842, 36.288251196, 36.135836462, 35.92134889, 35.186557409, 34.433731906, 34.035610256, 34.288775137, 34.302746656, 34.790454328]

Manual Benchmark of duration 3572.2156760692596 over 100 runs:
[34.000345044, 34.612955213, 34.51200764, 35.696987848, 36.552087466, 34.684458864, 34.848620757, 34.745105261, 33.665309014, 34.291064185, 34.29433187, 34.308044328, 34.455318094, 34.728309389, 34.023730858, 33.533314829, 33.537266058, 34.996256444, 35.571823112, 35.437050332, 35.77472699, 35.652836211, 34.480137267, 33.782510646, 34.050567021, 34.199417933, 34.553041086, 34.605270009, 34.304854057, 34.259382249, 34.296110814, 33.98642885, 34.629662124, 34.063263525, 34.531487062, 34.453172586, 34.603439233, 33.564115071, 33.693836905, 33.71999449, 34.082067684, 33.645949496, 34.039154761, 34.138653119, 34.542119263, 35.445962183, 35.562522526, 36.15395644, 35.751167954, 35.786960544, 35.852097837, 36.789698607, 36.587347355, 36.855092433, 36.618043642, 36.316226754, 36.663866214, 37.13518728, 37.031629546, 36.888376394, 37.613336291, 36.817933956, 37.581197092, 37.712465874, 37.789735279, 37.695440275, 37.960802657, 37.948560146, 37.883998776, 37.496461046, 37.623170892, 37.727858696, 38.032583397, 38.368575959, 37.504731117, 37.849541562, 38.432093352, 37.540117202, 37.653146618, 37.557036825, 37.464787589, 37.203383878, 37.596208706, 37.637680253, 37.135331619, 37.18763713, 36.978311504, 37.592009907, 37.103751325, 37.473646252, 37.171653089, 36.180470427, 36.1791601, 35.226515989, 34.950182504, 33.4416755, 33.581310457, 33.6197213, 34.139263316, 33.978967554]

Manual Benchmark of duration 3600.7708480358124 over 91 runs:
[39.090871633, 39.053177155, 38.98387914, 39.322707491, 39.297488398, 38.923102754, 38.456999249, 38.692985389, 39.801978812, 39.340326512, 39.95357775, 38.96382628, 39.648477839, 39.2535985, 38.664824067, 38.408736953, 38.573334357, 37.965058919, 38.513588532, 39.022697542, 39.205594708, 39.12287876, 39.690900718, 40.198146202, 40.155674177, 40.270939898, 40.203807499, 39.690967936, 40.239871712, 39.978980521, 40.177847083, 40.547642345, 39.978830945, 39.523532151, 39.644517206, 40.029438755, 39.718369047, 40.272920643, 39.753245168, 38.045334631, 38.386100636, 38.441254546, 38.665060573, 39.639372068, 39.203649885, 39.384985747, 39.327405467, 39.216284285, 39.289099939, 39.322795132, 39.148240455, 39.737964487, 39.854122525, 39.541516217, 39.77694605, 39.407762379, 39.5895718, 39.879183039, 39.483302624, 39.710218299, 39.87401422, 39.481287028, 39.621210643, 39.450379122, 39.647278722, 39.903986558, 39.883202442, 39.918267438, 39.832705589, 39.745000491, 39.843877606, 39.846866916, 40.515092958, 40.743022067, 40.7872146, 40.375205519, 40.619995412, 40.084400209, 40.556873554, 40.691544634, 40.393708358, 40.725127142, 39.217887668, 38.728988952, 40.797997907, 41.217763217, 39.63071415, 39.876149518, 40.091367733, 40.016416964, 35.267071648]

Manual Benchmark of duration 3602.8774349689484 over 92 runs:
[36.897408342, 37.2230479, 37.727792515, 38.734710156, 38.569393644, 38.688825061, 38.477743868, 38.525558679, 39.751553302, 38.960327196, 39.497475599, 39.090201911, 39.079831492, 39.168638658, 38.510767903, 38.299972964, 38.102363671, 37.984847281, 38.016570403, 37.941148807, 39.043023903, 38.578329382, 39.195513038, 39.76231262, 39.978263291, 39.90168792, 39.722174074, 39.72424585, 39.735528989, 39.624799254, 39.644904677, 39.986269408, 40.268926371, 39.161526112, 39.151740799, 39.950931184, 39.302743817, 39.910624887, 39.814843174, 38.222700427, 37.78856692, 38.027218375, 38.399513107, 38.430547619, 39.528983749, 38.987749522, 38.748549804, 39.039014819, 38.836507237, 38.845463811, 38.951859664, 39.19355973, 39.417027171, 39.524632531, 39.090954453, 39.203280995, 39.085724085, 39.430658607, 39.088821655, 38.880097288, 39.151850339, 39.335456715, 38.916349524, 39.253497389, 39.032684299, 39.299451874, 39.830109153, 39.165850621, 39.286322114, 39.385328751, 39.585908906, 39.064896601, 39.441229869, 40.167327444, 39.958242144, 40.346215646, 40.242119356, 40.29560862, 39.947573719, 40.198097119, 40.599627121, 40.320564382, 40.325314588, 38.624581864, 38.278268403, 40.567229395, 40.938393513, 38.937787982, 39.754597452, 39.745813256, 39.933005171, 34.51944087]

Manual Benchmark of duration 3607.193801879883 over 100 runs:
[34.357822793, 34.67399765, 34.893589896, 35.755431956, 36.563597173, 35.34194822, 34.957746563, 35.5511384, 34.593709207, 35.154752118, 35.420287346, 35.276502727, 35.246678543, 35.601203968, 35.412041101, 34.08546298, 34.578408525, 36.307341475, 36.457151719, 35.818322166, 36.325768094, 36.148098389, 33.993530422, 34.250058906, 34.056666354, 34.554116816, 35.344084245, 34.752395978, 35.129677483, 34.694314787, 34.899707493, 34.998577767, 34.629596248, 35.09207368, 34.865838634, 35.423256585, 34.516770761, 34.051256212, 34.360780094, 34.524675155, 34.27654184, 34.263142452, 34.557392648, 35.005482108, 35.554682693, 36.185338525, 36.095661852, 36.272348177, 36.474967036, 35.5304799, 37.155777712, 37.022048141, 37.232123433, 36.65127293, 36.710245257, 37.066233361, 37.018831948, 37.24803534, 37.554624052, 37.36049759, 37.254730816, 37.477767178, 37.275535247, 37.402198177, 37.250930342, 37.512185672, 37.488035308, 37.828914972, 37.102655596, 37.55290259, 37.275277295, 37.547969001, 38.034407654, 37.492733881, 37.844970632, 37.970102214, 37.429978225, 37.377776016, 37.861540816, 37.895928926, 38.087277212, 38.421718729, 38.107821274, 38.444466011, 37.754251124, 37.802505561, 38.175488636, 38.323941152, 38.05378307, 38.101325927, 37.002017745, 36.99206492, 36.068370613, 35.557086705, 34.144894459, 34.411113651, 34.449949262, 35.085244287, 33.649833802, 29.789480587]

Manual Benchmark of duration 3603.987550020218 over 90 runs:
[37.951593616, 38.491124577, 39.332928002, 39.800269631, 39.411626227, 38.928712132, 39.617129115, 38.639274014, 39.004601866, 39.352024583, 39.524598327, 39.426165972, 39.21852253, 38.48937938, 38.204056695, 40.101799164, 40.342616053, 40.32988882, 40.279009134, 39.545642124, 37.410972566, 38.280652905, 38.461783228, 39.174202942, 38.615399956, 38.999732215, 38.505156338, 38.763784021, 38.600822909, 38.649836102, 38.892342771, 39.166078183, 39.062938423, 37.678507767, 37.88301857, 38.412166772, 37.928361298, 38.569839412, 38.082466533, 39.164874495, 39.760671282, 39.814707526, 40.503955155, 40.14463149, 39.743150474, 41.112478757, 40.94476031, 41.124280945, 40.673806963, 41.119413704, 41.13674769, 41.248121316, 41.588463104, 41.670359784, 41.215984975, 41.486524735, 41.807994372, 41.318905457, 41.549573552, 41.829153079, 41.984316106, 41.42874885, 41.243077774, 41.619082148, 41.973455243, 41.662262122, 41.875912732, 41.968021372, 41.576628081, 41.383370747, 41.837125244, 42.333300361, 42.527707923, 42.600753703, 42.630583721, 42.113554183, 42.076197917, 42.076073351, 42.096895073, 42.493238873, 42.441626309, 40.991092802, 40.754146008, 39.796467024, 38.895572689, 37.753729453, 38.201033194, 38.512090909, 38.191230907, 32.861992549]

Manual Benchmark of duration 3606.0347979068756 over 93 runs:
[38.533095365, 38.577296309, 38.479631918, 38.484570174, 38.245389924, 37.595284243, 37.971815824, 38.108618463, 39.016577669, 38.539011974, 39.088230285, 39.013143851, 38.689324662, 38.822446468, 38.39835036, 37.871380671, 37.726781736, 37.90774055, 37.630701374, 37.89462875, 38.764801899, 38.453911812, 38.747720414, 39.236112187, 39.272254869, 39.454882782, 39.308061653, 38.980910234, 39.163492558, 39.221442174, 39.123253507, 39.504856339, 39.82259327, 38.62162336, 38.702909618, 39.00495834, 39.098121071, 38.912815803, 39.5274081, 38.401785731, 37.284242731, 37.588500537, 37.879311214, 37.920715695, 38.735570297, 38.374095055, 38.246351731, 38.741552355, 38.34714044, 38.410577685, 38.48784346, 38.611888551, 38.569198025, 38.982790663, 39.006647304, 38.592243322, 38.886192195, 38.961552256, 38.746710716, 38.940200232, 38.568606225, 38.809997294, 39.108902561, 38.420478497, 38.913824007, 38.671862601, 39.27719354, 39.351381286, 38.839286152, 39.177116734, 39.013330597, 39.116955293, 38.684168383, 39.411466999, 39.852672194, 39.823860934, 39.430983517, 39.854290877, 39.675132809, 39.547354689, 39.4926539, 39.757501196, 39.820854533, 39.730631232, 37.964536583, 37.921700902, 40.471066135, 39.910944621, 38.859161733, 39.114920167, 39.241784228, 38.86577044, 34.102325599]

Manual Benchmark of duration 3612.6134090423584 over 92 runs:
[39.127951281, 39.458037508, 39.279198759, 39.363375909, 39.271689914, 37.700914954, 38.830041761, 37.800765628, 38.537215956, 38.422827023, 38.721464235, 38.666044737, 38.315873753, 38.208420476, 37.635335123, 39.116782188, 39.532181476, 39.636853173, 39.733467716, 39.603376653, 37.197613197, 37.302832602, 37.198127046, 38.088872354, 38.168011808, 37.850604767, 38.058839491, 38.048804645, 37.932651, 38.021446155, 38.090765752, 38.228147778, 38.499007897, 37.241920367, 37.076474975, 37.411428109, 37.54304218, 37.090601251, 37.560358125, 37.680904382, 38.846487206, 39.188940002, 39.461391338, 39.520450048, 38.990076818, 39.425173944, 40.322177459, 40.883777813, 39.833977977, 40.472734123, 40.209924704, 40.111229475, 40.663301085, 40.793243706, 40.791536443, 40.297232321, 40.564690223, 40.581285371, 40.348397603, 40.295590251, 40.836555263, 40.686988072, 40.213053934, 40.563983637, 40.4221264, 41.034976398, 40.800641711, 40.974489174, 40.925613272, 41.175828262, 40.558162402, 40.816078257, 41.251464411, 41.735039328, 41.287393422, 41.688228522, 42.027976863, 40.967585657, 41.386916813, 41.645288352, 41.630262152, 41.756432077, 40.823705394, 40.364673043, 39.561127726, 38.613637456, 37.749914844, 37.377803516, 37.46492005, 37.717449931, 35.930760313, 29.769693711]

Manual Benchmark of duration 3612.9398810863495 over 92 runs:
[37.075352974, 37.6465736, 38.492057911, 38.94831163, 39.072000826, 37.985023256, 38.390092865, 36.914389337, 38.017332885, 37.768090342, 38.11254387, 37.879888496, 38.13004696, 37.423158024, 37.0487466, 37.725200909, 39.33435121, 39.347924482, 39.254560519, 39.200931697, 37.576702289, 36.71440015, 36.949458477, 37.50870161, 37.947178129, 37.764947301, 37.63872755, 38.080355448, 37.512774883, 37.718670591, 37.812292924, 38.019670549, 37.909366689, 37.793526482, 36.81227668, 37.006530385, 37.505192758, 37.059435078, 37.029836815, 37.505138072, 38.344427861, 38.54765921, 38.909737686, 39.230085656, 39.6763909, 38.190970738, 39.959615612, 40.380132421, 39.982609319, 39.760386373, 40.046529939, 39.833577928, 40.612814786, 41.213986676, 41.355059012, 41.483797586, 41.197773038, 41.285587978, 41.317163844, 41.218367931, 41.157752518, 41.91877251, 41.299050379, 41.047002936, 41.181795016, 41.757849699, 41.716787471, 41.117169206, 41.486234537, 41.910039355, 41.4350024, 40.918236752, 41.637133871, 42.17585445, 42.429007223, 42.124940032, 42.203136442, 41.808207391, 41.821865049, 42.128516634, 42.106918639, 42.226088235, 41.322082657, 40.809311764, 40.001003258, 39.459210421, 38.212161409, 37.786581325, 37.90638678, 38.141181478, 36.007135128, 29.508150316]

Manual Benchmark of duration 3614.1394050121307 over 92 runs:
[39.067914914, 39.081457995, 39.31343281, 38.933169205, 38.494388648, 38.582544954, 38.679473773, 38.347303852, 39.404249137, 39.229613188, 39.285393774, 38.88693771, 39.263118151, 39.246213609, 38.59067312, 38.379223252, 38.231460712, 38.262901822, 38.195410937, 38.749486144, 39.221314806, 39.029026028, 39.272194105, 40.440982297, 39.861525396, 39.859845735, 39.78307953, 39.640129655, 39.823423168, 39.574674578, 40.132664096, 40.098985839, 40.126260186, 39.436715272, 39.22447517, 39.98689726, 39.649389912, 39.996984196, 40.171829241, 37.647461962, 37.972589498, 38.254949644, 38.648265511, 38.819976022, 39.382143502, 39.057688846, 39.159218222, 39.322147015, 38.830274036, 39.065124058, 39.285373898, 39.061946091, 39.739298572, 39.532428704, 39.373678749, 39.354228752, 39.504469318, 39.588508506, 39.523168565, 39.317504909, 39.593114552, 39.339867889, 39.235972035, 39.417346857, 39.473215716, 39.758246729, 39.874100545, 39.652048593, 39.697918901, 39.701054133, 40.002254373, 39.645766291, 40.064740367, 40.674615234, 40.341840756, 39.921360981, 40.317399982, 40.002228223, 40.011265374, 40.341546752, 40.235644972, 39.998893818, 39.635014533, 38.369268217, 39.430102977, 40.762316732, 40.154568291, 39.514507134, 39.600968923, 39.812169195, 37.358543039, 30.205435973]

Manual Benchmark of duration 3614.7785410881042 over 91 runs:
[38.272011693, 38.236941433, 39.318797328, 40.135604657, 39.74125925, 38.974803205, 39.306019793, 38.660543169, 39.033869578, 39.251869153, 39.200794269, 39.390876322, 39.174684633, 38.46499347, 38.188990833, 40.05952511, 40.322846068, 39.977417046, 40.280630398, 39.553448582, 37.415408421, 38.235457311, 38.125902914, 39.152990807, 38.5795465, 38.682356589, 38.793930175, 38.426840392, 38.879713157, 38.398094549, 39.145766669, 38.767723697, 38.76986337, 37.303759311, 37.760852289, 38.326465669, 37.944385916, 37.862521577, 38.355967815, 39.195915554, 39.769682531, 39.86721507, 40.150906232, 40.485764912, 39.665139377, 41.134066549, 40.873169623, 40.817203682, 40.94392221, 40.837090063, 40.731791661, 41.090501684, 40.661657876, 40.848013533, 41.150345606, 40.768411732, 40.887600864, 41.205433129, 41.140799263, 40.954122392, 41.563910043, 41.039594944, 40.721473291, 41.162934705, 41.112453919, 41.583312404, 41.365952996, 41.012215741, 41.639802883, 41.014083684, 40.927863133, 41.678622502, 42.132913439, 42.082354557, 42.131026087, 42.112597634, 41.392352369, 41.880281823, 42.02001646, 41.792632312, 42.119357955, 41.09265147, 40.493041761, 39.524221398, 39.035590472, 37.627781888, 37.710256517, 37.908123072, 38.177565724, 35.184298689, 27.88618795]

Manual Benchmark of duration 3618.4359900951385 over 92 runs:
[39.133809348, 39.429220612, 38.986573009, 39.656466682, 38.561787884, 38.556932296, 38.696162002, 38.347434626, 39.393888651, 39.217952432, 39.658196104, 38.872644078, 39.266791805, 38.924186672, 38.593359815, 38.409286168, 38.520027118, 37.611758147, 38.43097779, 38.387165985, 39.236078721, 39.045915536, 39.631823409, 40.455184519, 40.263444242, 39.945931732, 40.118204391, 39.630682877, 39.828689272, 39.64334765, 40.492519043, 40.162850728, 40.125330453, 39.494232425, 39.555146103, 39.678855382, 39.592756163, 39.957011621, 39.855390234, 37.933205517, 37.942717723, 38.240749635, 38.3258996, 38.809789156, 39.046453041, 39.325323601, 39.152856557, 38.997579715, 38.818308996, 39.081956971, 38.921683668, 39.343961421, 39.778634601, 39.52003338, 39.34670971, 39.343626315, 39.143488168, 39.52678247, 39.463742278, 39.007034022, 39.503535712, 39.324879896, 39.21389741, 39.054027678, 39.399368955, 39.701265674, 39.476975184, 39.281394271, 39.661017004, 39.755390996, 39.631563399, 39.483129758, 40.019613757, 40.361673822, 40.682101066, 40.382920712, 40.77717445, 40.523571696, 40.843981547, 40.82890757, 40.804562511, 41.15084962, 40.006373178, 38.770960304, 39.633310702, 41.527764163, 40.49072861, 39.994005188, 40.398709555, 40.685741068, 36.996919139, 27.630205389]

Manual Benchmark of duration 3619.3866460323334 over 91 runs:
[37.770288685, 37.735676768, 38.569101208, 39.273121661, 39.085717398, 38.361128582, 38.961918778, 38.08108282, 38.646562232, 39.153229819, 38.765207125, 39.078306315, 38.641137412, 38.322686556, 37.61352362, 39.115006931, 39.865694921, 39.713716927, 39.742755975, 39.624448951, 37.246020868, 37.735683995, 37.96307247, 38.928868593, 38.679301545, 38.585938947, 38.442437145, 38.553609551, 38.771548374, 38.39854495, 39.062316294, 38.77427744, 39.329201527, 37.749640277, 37.896230106, 38.1706341, 38.284636289, 37.923745356, 38.351106876, 38.779167046, 39.776858609, 39.752669687, 40.044780863, 40.549814296, 39.173047316, 40.759986195, 41.276513042, 40.845313757, 40.928008922, 40.630061562, 40.750070864, 41.417987112, 41.205182864, 41.346922195, 41.593240164, 41.482850378, 41.829551712, 42.104789636, 41.73824014, 41.989520364, 42.48404627, 42.037172331, 41.525768354, 42.10151803, 41.908678537, 42.205516493, 42.260783003, 41.903669405, 42.530217651, 41.890183336, 42.14859737, 41.822744143, 42.169971684, 42.152425798, 42.564376925, 41.998369916, 41.833680595, 41.928800952, 42.00817381, 42.125961151, 42.176406353, 40.96211379, 41.27866788, 39.713470278, 39.339318625, 37.867320821, 38.127583924, 38.393650488, 38.693265254, 34.103968371, 24.187775726]

Manual Benchmark of duration 3621.1789581775665 over 92 runs:
[39.100289464, 39.751318014, 39.37014877, 39.375751175, 38.849418208, 38.657193886, 38.761996811, 38.702169717, 39.738596187, 38.996064968, 39.912317638, 38.93649966, 39.25044515, 38.934588701, 38.540511142, 38.380654716, 38.18819685, 37.879542167, 38.164458299, 38.725360122, 39.185730853, 39.079729226, 39.252887918, 40.185244913, 40.156240486, 39.908536621, 39.770850359, 39.980974948, 39.836158405, 39.608739291, 40.489941301, 40.204958549, 40.095207009, 39.527787769, 39.577507461, 40.074183144, 39.912059967, 40.068102317, 40.178021434, 38.030690676, 38.039620533, 38.664454665, 38.637568995, 39.331094568, 39.441613602, 39.073177641, 39.567842064, 39.306789635, 38.926553614, 39.394740896, 39.36217081, 39.449477272, 39.828807064, 39.891237858, 39.445882576, 39.741614564, 39.523184101, 39.626288329, 39.773862096, 39.374627552, 39.796436815, 39.591624811, 39.259841877, 39.395284637, 39.65431287, 40.160784349, 39.957079857, 39.867014461, 39.86013174, 39.732060602, 39.594529009, 40.064749101, 40.498629302, 40.749751826, 40.766863449, 40.466584583, 40.590025372, 40.493953326, 40.169521016, 40.71458484, 40.701359253, 40.788777077, 39.687782703, 38.3578583, 40.358722049, 41.279555096, 39.771218453, 40.229716262, 40.064093288, 40.08738387, 36.056305345, 22.671789055]

