Manual Benchmark of duration 3600.683695077896 over 31 runs:
[115.567759752, 116.679932185, 117.622861743, 116.87234116, 116.043610804, 116.710594958, 113.706551083, 109.352263285, 105.943430733, 107.45500911, 112.711327177, 116.33865579, 117.406679791, 121.267511599, 118.621528345, 113.745307211, 113.177634479, 115.963558012, 118.318447992, 117.557051584, 116.999056824, 115.869960304, 117.090598782, 116.85370932, 118.089877233, 117.678733082, 120.403015322, 120.945148148, 118.915725172, 118.05129296, 118.723633409]

Manual Benchmark of duration 3604.676759004593 over 31 runs:
[118.318274171, 118.916488212, 118.822665221, 118.098387023, 114.749674813, 115.385559491, 112.495457929, 107.647685236, 104.844300817, 106.792587318, 114.602166518, 118.391283287, 119.309410579, 122.647304912, 120.079222364, 114.986975639, 115.085391865, 117.933769386, 119.668136259, 119.343030842, 117.607109717, 114.496284446, 116.912443699, 115.915721801, 115.353022832, 114.414598593, 118.549386261, 119.943049473, 117.795133883, 117.82902068, 117.742840525]

Manual Benchmark of duration 3602.263170003891 over 29 runs:
[126.869244612, 126.18889565, 126.101964838, 125.49824886, 120.840465426, 124.477256408, 117.873542059, 115.822370666, 114.62461205, 121.463565175, 126.286765851, 127.136260376, 131.102084268, 129.126240212, 125.423097806, 124.138824985, 126.919561715, 125.467485773, 121.764116041, 123.947723641, 124.050592651, 123.642779901, 125.339398771, 127.939409663, 128.571123253, 124.148702941, 122.05078548, 122.998505062, 122.449023628]

Manual Benchmark of duration 3609.959543943405 over 29 runs:
[127.947932208, 127.015377848, 126.313789745, 126.335898246, 121.864036392, 123.143761373, 114.839139638, 117.142775927, 118.741833196, 124.78406521, 127.410517735, 128.160321871, 128.831789992, 127.919034517, 124.456625522, 125.264869567, 121.803140237, 122.405610068, 123.584225271, 125.945048296, 125.499580711, 126.369383476, 126.662580653, 126.878592781, 126.473438385, 125.508407329, 123.76117942, 123.114757062, 121.781177013]

Manual Benchmark of duration 3629.0513269901276 over 29 runs:
[127.944220851, 127.920465926, 126.277493532, 126.345959365, 121.832193441, 123.329149222, 115.795732026, 118.1369275, 119.775718131, 126.481420626, 127.846181678, 129.401988933, 129.794675085, 128.787176756, 125.559357597, 126.423837067, 122.682015585, 123.283940226, 124.642409871, 125.686785901, 125.958792989, 127.094892186, 127.62020289, 128.228383585, 126.99112082, 126.334381736, 124.474565673, 124.170601031, 120.230073384]

Manual Benchmark of duration 3629.9581940174103 over 29 runs:
[123.564925943, 123.225719336, 124.7965874, 125.657572117, 129.735721007, 125.712937816, 115.753311722, 118.781586787, 119.846847931, 125.817125585, 127.927720343, 130.218839106, 130.640303509, 129.018218657, 126.391485985, 126.571587688, 122.578924497, 122.561561006, 123.717476398, 125.489446365, 125.789977613, 126.175891834, 126.670616758, 128.049181845, 126.095420387, 126.934160129, 123.92384932, 126.211905871, 122.098769427]

Manual Benchmark of duration 3635.901526927948 over 29 runs:
[126.866515232, 127.056152834, 127.347529098, 123.26560376, 127.866192808, 125.029947919, 115.849221465, 118.149006688, 120.096413394, 126.577308774, 128.043647695, 129.351526832, 129.865015679, 128.558186798, 125.61392154, 126.605967474, 123.324655352, 122.688571894, 125.473141451, 125.724151921, 126.995952738, 128.120629165, 127.76405988, 129.113162736, 127.102537065, 127.195906716, 123.824808395, 124.108118964, 118.323245511]

Manual Benchmark of duration 3656.525685787201 over 32 runs:
[114.218927303, 114.645928931, 114.897001846, 115.702048117, 115.085403845, 116.889276749, 112.827239331, 108.832158577, 105.777765527, 105.993247986, 112.157824749, 114.988662416, 116.435288619, 119.134016341, 118.112267532, 113.057380696, 113.00768192, 113.677504167, 117.599703414, 116.950974322, 114.192899165, 113.223383129, 113.185743589, 114.941244124, 113.202278936, 114.122076338, 116.664990766, 120.736980258, 119.375520549, 117.271718883, 117.7888477, 101.829128842]

Manual Benchmark of duration 3642.1190271377563 over 29 runs:
[128.090968391, 128.069557014, 129.093538952, 128.478895055, 131.261473757, 128.009218536, 122.586337083, 118.441930336, 119.661528955, 122.370172747, 125.902691971, 127.447678663, 128.575094751, 126.428158906, 123.363112184, 123.524719189, 126.861487882, 128.275557451, 123.412803129, 123.303052197, 123.411849311, 123.827720478, 123.571721469, 124.986421568, 130.466140048, 131.36699083, 128.596557419, 128.553720617, 114.179455173]

Manual Benchmark of duration 3648.7217669487 over 29 runs:
[128.898994393, 128.257175333, 128.078850408, 127.443539017, 123.760675393, 123.879755498, 116.741522444, 119.18844094, 121.258417681, 126.857654142, 128.239869584, 130.555128765, 131.411384887, 128.689276983, 126.539988384, 127.683775219, 123.555808783, 123.438055345, 125.436864921, 126.385221723, 127.35967792, 128.197879151, 128.50450668, 130.506939941, 127.351870388, 127.231417128, 124.405488993, 125.125479963, 113.737564377]

Manual Benchmark of duration 3648.0873839855194 over 29 runs:
[126.888616416, 127.842614929, 127.412252395, 127.22714491, 126.084915023, 123.989906995, 120.68212443, 116.923243638, 117.261348347, 123.764393796, 128.98207336, 129.347504525, 131.954051016, 129.42996104, 125.731560501, 125.510792782, 129.981182651, 128.642741729, 125.252579917, 124.245043718, 124.434569996, 124.192924201, 124.442064846, 126.11721205, 131.441596519, 132.284865541, 128.669397577, 129.362269976, 109.987731566]

Manual Benchmark of duration 3674.276914834976 over 35 runs:
[102.539743748, 103.504133277, 103.861727594, 103.236394167, 103.655718615, 105.126004523, 105.059120344, 104.072536891, 101.01306522, 97.9527123, 97.649025999, 103.099615721, 106.447036305, 107.466368848, 108.661788192, 108.235320265, 107.603812052, 103.949262991, 103.4518241, 106.746649666, 109.006960737, 108.152473199, 105.75985667, 105.199528201, 104.780405551, 105.983778917, 104.490624141, 105.531233556, 105.419214579, 109.34463176, 111.209552454, 108.783577643, 109.127606074, 108.457283788, 89.697466269]

Manual Benchmark of duration 3658.098057985306 over 29 runs:
[129.021607536, 129.024228161, 128.145987625, 127.395350544, 123.040732565, 124.005763585, 116.771498467, 119.824452495, 121.41275432, 127.085038252, 129.973413327, 130.750366277, 131.559896195, 129.516351086, 127.42514806, 126.004591928, 130.827544008, 130.616074768, 127.760971906, 126.676377402, 127.522128065, 127.229558589, 126.419481171, 125.815906633, 130.600754126, 130.846895252, 127.631357341, 128.175446527, 97.017888145]

Manual Benchmark of duration 3658.574383020401 over 29 runs:
[126.8396552, 127.087875482, 128.088653756, 126.62325533, 130.089890236, 126.776249199, 121.684520976, 117.558902307, 118.789088737, 124.343235917, 128.775782606, 129.6811869, 131.610895932, 128.642684858, 125.467840493, 126.46703593, 129.147087154, 129.473390163, 126.680367676, 124.988183587, 127.164658231, 125.384870977, 126.525101362, 127.498088791, 132.752704431, 133.027284164, 129.603585965, 130.210276483, 97.591374885]

Manual Benchmark of duration 3658.998454809189 over 29 runs:
[127.000837569, 127.889509526, 128.249645133, 127.464601132, 130.081575856, 126.747011009, 123.328213357, 117.591277473, 119.115185853, 124.483133922, 128.918205662, 130.712839585, 131.782824892, 129.247507847, 126.388587815, 125.959067706, 129.774081207, 129.559382685, 126.490856672, 124.900923335, 126.347228176, 125.263962955, 125.457923596, 126.821308429, 132.543053892, 132.071872041, 129.58416515, 129.360300946, 95.862803952]

Manual Benchmark of duration 3672.763839006424 over 32 runs:
[117.190765814, 117.017089234, 116.781052288, 116.824788909, 113.714473317, 112.757720414, 111.8815839, 106.54260687, 109.927190869, 111.277079042, 116.582787017, 118.330786202, 119.648969053, 120.368778967, 119.537464328, 115.821691207, 116.854708209, 115.012580623, 113.390068964, 114.324015097, 116.142886831, 115.749010324, 117.132971658, 117.82270931, 117.46522593, 118.602869531, 117.321260324, 117.517413161, 115.051760643, 114.50665414, 114.666435985, 86.997782627]

