overhead = [
    [0.1047610461, 0.0007084173, 0.00042865550000000007, 0.0003282451]
    [0.1476944497, 0.0007876295, 0.0004580553, 0.00035386140000000005]
    [0.1769446536, 0.0008545314999999999, 0.0005125823, 0.00039504229999999996]
    [0.20059520230000003, 0.0010288146, 0.0011758218, 0.0004831986000000001]
    [0.22166888270000001, 0.001201194, 0.0007349533999999999, 0.0005306452]
    [0.2444827359, 0.0012339360000000001, 0.0006896923999999999, 0.0005436561]
]
    

overhead_std = [
    [0.021501210900167468, 9.211647919292183e-5, 8.130935988385482e-5, 4.867480931983425e-5]
    [0.009919545690912577, 0.00015700724287698743, 6.917772228277925e-5, 5.5403093279467116e-5]
    [0.006445362559003272, 6.854256637099476e-5, 8.918223206826448e-5, 8.280158307001142e-5]
    [0.008126860916460253, 5.717272505739859e-5, 0.0005669022828922106, 0.0001394843599621278]
    [0.005178447431766161, 0.00018697369007132766, 0.00011184379726922722, 0.00015989918557627353]
    [0.006296969470115123, 0.00013326075910284564, 0.00011267818880254607, 0.0001368670976243012]
]

integral = [
    [0.3855897975, 0.030373315899999996, 0.012188059400000003, 0.0047870291]
    [0.9496348503, 0.050621159000000006, 0.0191381303, 0.0073311286]
    [1.4142124731999999, 0.06382701739999999, 0.0228048918, 0.0087939517]
    [1.9961755959, 0.20449630100000005, 0.027131761999999997, 0.011105463400000001]
    [2.4812426602000004, 0.10085832310000001, 0.0302421408, 0.011596666]
    [3.1024644976999998, 0.1030007574, 0.033352555500000006, 0.0127685469]
]
integral_std = [
    [0.00033811626072410156, 0.00015870188268325976, 7.736803595398898e-5, 9.406847506465115e-5]
    [0.0009369289082863557, 4.021968300886324e-5, 0.0004884327546089639, 0.00013761507148338733]
    [0.0030722691648254296, 0.00030668713797187095, 9.541776219435183e-5, 0.00011928633116166808]
    [0.002862998806578881, 0.008963851852266055, 0.0001733770459887284, 0.0007692075896889965]
    [0.0017093808813620336, 0.03352546673620941, 0.00018180176788090436, 9.679293071179216e-5]
    [0.005363857287601486, 2.7247856336476534e-5, 5.951282181410859e-5, 9.218225470163904e-5]
]