Manual Benchmark of duration 3612.0332119464874 over 80 runs:
[44.97100757, 45.787028667, 45.960916881, 44.843190245, 45.035856194, 43.453763993, 42.07888143, 40.906977012, 42.472235881, 41.884148443, 41.738117891, 41.911317042, 42.51268755, 44.207660498, 42.802296175, 43.044154682, 43.68472742, 42.893047072, 43.778626949, 44.364389006, 43.845884653, 45.887815129, 42.642127454, 44.674680304, 45.01739248, 43.950413721, 44.607148621, 45.44026824, 44.498574834, 46.148515216, 45.51392231, 46.371473434, 45.662659582, 45.887735243, 45.494098434, 46.410059967, 46.028762774, 45.906022055, 46.541260967, 46.029727354, 46.469569634, 46.413183538, 45.944578323, 46.505844256, 46.076421358, 44.166914781, 43.573177762, 43.397789153, 44.008496777, 43.785133321, 45.810452738, 46.425749637, 46.626198234, 46.229551247, 46.560418416, 46.737247657, 46.03569897, 46.064154137, 46.773891558, 46.35720296, 46.893792166, 46.630592464, 45.710558508, 46.181160926, 46.212627674, 45.780256559, 46.486289814, 46.420897297, 46.08796348, 46.80177826, 46.973056185, 46.728433878, 46.551690662, 46.858213842, 46.899028562, 46.505141186, 46.815695206, 43.549713961, 44.44194279, 44.651501444]

Manual Benchmark of duration 3601.836475133896 over 62 runs:
[56.295872927, 56.899475853, 55.87844386, 55.424264373, 54.558587565, 52.241934013, 53.52169336, 53.053610605, 52.777202975, 53.484930944, 55.432399857, 54.197597979, 55.880730644, 55.360230624, 56.455595359, 56.804902847, 58.983744811, 55.561352418, 58.224775435, 57.294018297, 57.466778747, 58.065871404, 58.488257014, 58.536027672, 59.425095559, 58.878670276, 59.193293507, 59.896691275, 59.231111606, 59.862507934, 60.389147729, 59.664645201, 58.933514729, 60.132487871, 59.494935718, 57.256674767, 56.017627929, 56.852246296, 57.173803612, 60.238804314, 60.248707546, 60.682860611, 60.177179955, 60.280444579, 59.446075962, 60.822201839, 60.591218113, 60.237360437, 59.48024748, 60.202592231, 59.518353579, 59.565179307, 59.814141363, 60.182451013, 60.502539699, 59.925362362, 61.00422985, 60.633733517, 61.000027673, 59.213529534, 57.079985822, 57.697886239]

Manual Benchmark of duration 3604.559026002884 over 61 runs:
[58.459863101, 59.072588116, 58.10004381, 56.721793287, 55.905148973, 54.017785622, 54.838309899, 54.011724324, 54.155186255, 55.861004665, 55.852650644, 56.031641299, 56.104540605, 55.984949217, 57.686823705, 57.311775385, 59.353811905, 56.601643473, 59.026224417, 57.753557271, 59.274360502, 59.172174789, 59.626895706, 59.908845766, 60.933729775, 60.099526538, 59.484032715, 60.966945731, 59.730432026, 60.56679126, 60.201802422, 60.778569198, 61.015591883, 61.164200911, 58.335675841, 57.715778837, 57.781694561, 57.428696824, 60.469545669, 60.946130511, 61.266202961, 61.243464222, 61.449970109, 59.989151036, 61.466240922, 61.038322205, 61.466171783, 60.185605422, 60.784056007, 60.554313047, 61.045049577, 60.625602873, 61.2684196, 61.551133805, 61.06228623, 61.679240863, 61.526165833, 61.199376453, 60.107905336, 57.298979705, 59.298321244]

Manual Benchmark of duration 3610.6198229789734 over 62 runs:
[60.19361865, 60.618997987, 59.768661071, 57.555151965, 55.580316637, 53.555888116, 55.266351049, 54.292150691, 54.158494725, 55.995486969, 56.114078661, 56.2023011, 55.738324729, 55.754958446, 55.912854363, 56.187424987, 58.002903118, 55.692620869, 58.398856696, 56.702429897, 58.151504768, 58.181004622, 58.651567917, 59.008988614, 61.736237815, 60.679808197, 60.527727372, 61.053078403, 60.746687853, 59.420736241, 58.394164858, 59.261827033, 59.218846277, 59.082867284, 57.867290165, 55.62145918, 56.053634437, 56.305600121, 57.826825428, 59.373956991, 59.520846603, 59.583867179, 59.7533352, 59.125595779, 59.339490528, 59.411500037, 59.936954359, 59.311153082, 58.961686224, 59.17300832, 58.980041085, 59.512120764, 59.354827864, 59.724372801, 59.549418379, 59.871863045, 59.921005596, 59.909304898, 59.899816146, 57.770190974, 56.825690228, 56.327441403]

Manual Benchmark of duration 3626.594158887863 over 69 runs:
[52.894361762, 53.688438805, 52.471527652, 52.366525109, 50.350701979, 47.813222075, 47.200109315, 48.825126213, 48.304052439, 47.644907089, 48.423350538, 50.442487014, 48.839655435, 50.058044615, 49.000695081, 50.097542938, 49.886118481, 50.321680013, 52.407998399, 49.206805177, 51.841847314, 51.525279696, 51.027630222, 52.145137249, 51.6918225, 53.084455573, 52.050614442, 54.522937953, 53.211834448, 53.495792198, 53.504591837, 54.159663919, 54.002560593, 54.360613665, 53.535675963, 54.763233197, 53.991371172, 54.450321446, 53.304793805, 51.167046946, 51.043219306, 51.899859364, 51.402897594, 53.898394345, 54.633490824, 54.584189492, 54.549065685, 54.740495827, 54.267183113, 54.088597324, 54.744012711, 54.788659959, 54.785417745, 54.325312339, 54.097072202, 53.588337139, 54.563949208, 54.45919047, 54.348125509, 54.67565482, 54.940433237, 54.736718075, 54.995730825, 55.209700098, 54.899288098, 54.843575695, 52.904188142, 52.530520671, 49.969724356]

Manual Benchmark of duration 3627.6719830036163 over 70 runs:
[51.244255135, 51.909539451, 51.396361136, 51.331943342, 47.755934722, 47.706095176, 46.969396064, 48.518661334, 47.998434088, 47.48771772, 48.028623754, 49.967615087, 48.838821781, 49.306745511, 49.301330023, 49.494421102, 52.068500944, 51.89175907, 53.560928152, 50.774613141, 52.995273752, 53.06449274, 52.404889513, 53.363899441, 52.568945183, 52.71681117, 52.395535587, 53.641290177, 52.614310434, 52.970916842, 53.281215735, 53.235216408, 53.274426413, 53.455030658, 52.914768605, 54.924686734, 53.763816991, 52.228855661, 52.776195611, 52.826318356, 52.195051633, 52.033718175, 52.435276773, 52.564883872, 52.355089049, 51.92278835, 52.284084301, 52.382872765, 52.343126764, 51.431114969, 52.012096242, 52.50497667, 52.525935634, 52.011939621, 51.678517436, 51.96584149, 51.701946208, 52.098514803, 52.12243626, 52.11381325, 52.473021996, 52.233088684, 52.466965852, 52.647997629, 52.507135684, 52.641309081, 52.557303034, 54.131243835, 54.072562079, 52.287946517]

Manual Benchmark of duration 3632.0086719989777 over 64 runs:
[56.816562348, 57.3542555, 56.413121431, 55.989943006, 55.428390173, 52.795606458, 54.441693427, 53.792882681, 53.559524063, 54.270236233, 57.073336558, 55.005079763, 55.563922702, 54.531700298, 55.865029484, 56.334134316, 57.819631408, 53.275174472, 53.554125404, 53.468856675, 52.963719119, 54.266512394, 53.91243543, 54.596765874, 54.983951725, 56.516499616, 55.607948561, 55.136782098, 56.487244366, 55.487416468, 57.316714318, 57.562010925, 58.133880385, 57.24272072, 58.376289494, 58.931693224, 58.755758562, 58.069915851, 58.145117927, 58.520939938, 58.555093725, 58.013503701, 58.367065266, 58.136116912, 57.956565292, 57.697309689, 58.546825859, 58.24791892, 58.230573477, 57.649706431, 57.523330596, 57.855233416, 57.769081397, 58.24416977, 58.287019951, 58.31631731, 58.646133903, 58.394285355, 58.669537978, 58.345506459, 58.681586701, 59.896840814, 59.648244029, 55.962375786]

Manual Benchmark of duration 3633.788838148117 over 64 runs:
[59.495840306, 59.692577646, 59.155404053, 56.63924858, 54.698528404, 54.011034835, 54.405343614, 53.78943332, 53.341997643, 54.957283638, 55.627957304, 54.962286544, 54.713040827, 55.832495466, 56.667995812, 57.122578075, 58.161084887, 55.12060524, 57.80068845, 56.932347473, 57.220294808, 57.527341166, 54.975244503, 53.930011899, 55.71990483, 55.400262034, 55.410344848, 55.998443566, 55.579731485, 56.00783093, 56.767482985, 57.238038588, 57.491264639, 57.04946571, 57.267164134, 58.521675886, 57.350520846, 57.223637318, 57.787233097, 57.540303265, 57.521931389, 57.776772622, 57.470159194, 57.507680224, 56.974521987, 57.089463228, 57.55890935, 58.077192684, 57.30568052, 56.745982132, 56.992267708, 56.842484912, 57.160571733, 57.545855378, 57.383574286, 57.617747223, 57.588560738, 57.731655343, 57.64841894, 57.687039177, 57.710744017, 59.184270725, 59.11419428, 54.41857499]

Manual Benchmark of duration 3636.1909210681915 over 66 runs:
[55.746676422, 56.790103449, 55.320576073, 55.148873744, 55.514879098, 52.950668678, 49.716873417, 49.523464095, 48.569872347, 49.951343031, 50.994667611, 50.239749087, 50.468925236, 50.760408471, 50.296777806, 51.90943173, 51.820633886, 52.620779159, 50.762495156, 52.268977096, 52.636905487, 51.83204285, 53.324629606, 52.631539229, 54.240200768, 53.534400844, 55.306266592, 54.730201139, 55.047053308, 55.221447526, 55.307124035, 55.776873469, 56.711294233, 56.464083056, 57.093486865, 57.259444027, 56.812483952, 58.175894322, 57.309268258, 57.210993602, 57.375401403, 57.529924938, 57.066790179, 57.335123892, 57.319171256, 56.965674934, 56.870699067, 57.105107446, 57.552042784, 57.657621981, 57.200332481, 56.306221795, 56.997260365, 56.700465797, 57.106304532, 56.687526044, 57.378601671, 57.543401689, 57.529334693, 57.284017887, 57.605941243, 57.650903335, 57.638195743, 59.14699928, 59.080357535, 53.554863183]

Manual Benchmark of duration 3635.614454984665 over 62 runs:
[56.362491681, 57.357841771, 56.380809929, 56.481112887, 54.110642284, 52.581549447, 53.634213933, 53.112692845, 53.04960284, 55.261914052, 56.04158598, 54.475334968, 54.9583357, 54.633315881, 55.203296015, 56.194144752, 57.922975278, 54.930452539, 56.698715323, 56.673089397, 57.922372781, 59.196969863, 59.114240985, 59.159964175, 60.517607344, 59.889773236, 60.144058734, 60.233757543, 60.146633023, 61.051120322, 59.960244466, 61.340083073, 59.888946734, 61.274146277, 60.207148274, 58.059426798, 57.46433299, 58.137613353, 59.19945155, 61.378241599, 61.299631148, 61.373727119, 61.841057465, 60.901913331, 61.028393024, 61.581212562, 61.675885372, 61.379336833, 60.67779867, 60.818368251, 60.8349688, 61.194884828, 61.116896648, 62.002043484, 61.653364338, 62.146339061, 61.632542706, 61.655735233, 61.674751037, 57.815119411, 58.688319211, 52.27128864]

Manual Benchmark of duration 3635.770292043686 over 64 runs:
[56.313851189, 56.964336097, 56.321805042, 56.599418437, 54.479325572, 53.03484847, 54.735605536, 54.693526524, 54.621019855, 55.277400922, 56.439097776, 54.732037961, 56.311250645, 54.68894759, 56.547993288, 56.310099246, 58.622280687, 55.288796708, 55.856960255, 55.686172776, 56.139964705, 56.141852384, 57.129112821, 56.88137937, 58.120936179, 57.337319007, 57.512409714, 58.378224594, 58.155408555, 58.466149285, 58.933808629, 58.054613655, 57.625741992, 57.919411494, 57.769130377, 58.245062126, 57.262976489, 57.187024651, 57.371151928, 57.259568669, 57.395994965, 57.305535946, 56.940129188, 57.34188462, 56.432779689, 57.140336476, 57.496601341, 57.275268904, 57.054724286, 56.285556238, 56.964373505, 56.655997352, 56.749550991, 56.968729246, 56.984493186, 57.511424648, 57.110283446, 57.644076533, 57.17957929, 57.605891194, 57.208657921, 59.467596943, 58.586882471, 53.047185274]

Manual Benchmark of duration 3640.524540901184 over 70 runs:
[54.089502052, 54.842729898, 53.571655717, 53.771577423, 51.324572227, 49.162756649, 48.728634691, 50.307360222, 49.212688854, 49.383571534, 50.805144133, 51.685806009, 50.547316533, 51.429792754, 50.514562063, 51.573235171, 51.858037975, 53.633833634, 52.228751054, 52.045123772, 53.59155903, 51.960327848, 53.473038212, 53.720027065, 53.887322576, 53.002808761, 52.143880472, 51.117313548, 50.555158324, 50.117136178, 51.052130304, 50.252020952, 51.176160792, 52.097734297, 51.967959791, 52.090648148, 52.154923459, 51.761910666, 53.579180451, 52.377469971, 52.139182785, 52.2579807, 52.705047539, 52.87079741, 52.321180208, 51.907453894, 52.2820685, 52.364740166, 51.947615024, 51.911786241, 52.448247997, 52.539898854, 52.502738402, 51.750200506, 51.348756041, 51.972923571, 52.203002371, 52.202123348, 52.055691589, 52.336963042, 52.58686915, 52.535981945, 52.613050362, 53.005648769, 52.160536648, 52.556081178, 52.977595758, 54.445740759, 53.587528193, 47.19092404]

Manual Benchmark of duration 3636.2231409549713 over 63 runs:
[60.268391506, 60.662906829, 59.785086916, 57.945815857, 55.589361489, 53.946620826, 54.814789313, 54.312838467, 54.15507774, 54.983588975, 55.978203465, 55.70490261, 55.284453536, 55.188906585, 55.363182857, 55.754522726, 57.560050048, 54.958864344, 57.464818094, 56.08450428, 56.842412975, 57.498655143, 58.321367367, 57.435559179, 59.040409141, 58.815308611, 59.209364436, 60.423944319, 57.912818235, 59.409708367, 58.118958716, 60.016453597, 57.581748196, 59.550845924, 58.337693907, 55.926814786, 55.462608348, 56.403303905, 56.858513532, 59.088551327, 59.556934357, 59.111658102, 59.667057831, 59.521474909, 58.402881742, 59.286432082, 59.854388428, 59.279261599, 58.725639592, 58.633045134, 58.414364681, 58.81886006, 58.821481145, 59.148334431, 59.798283581, 59.282288365, 59.508653528, 59.360008934, 59.420806254, 59.318500472, 56.626622947, 58.138077209, 49.4654137]

Manual Benchmark of duration 3639.5268981456757 over 63 runs:
[57.897285884, 58.540514927, 57.107776765, 56.149027715, 53.520061726, 51.637476157, 53.078819461, 52.502399293, 52.140245106, 52.643544117, 54.879782916, 53.681754615, 54.307629282, 53.650160286, 54.840811667, 54.969542406, 56.81722966, 54.954256442, 56.448558646, 57.369945924, 56.43333234, 57.738545479, 57.712020092, 57.753236491, 59.112496297, 59.481330868, 59.756371309, 59.224785974, 59.53213179, 59.853432748, 59.639377076, 59.660509065, 59.803489141, 60.256897236, 60.488351007, 57.574992085, 57.14298772, 56.91824363, 57.299582161, 59.666707131, 60.733568626, 60.697186839, 60.341493904, 60.817459813, 59.873982571, 60.879904107, 60.537288936, 60.929474347, 60.002720011, 60.226300758, 59.605118511, 60.473034637, 60.426573689, 60.31396228, 61.020644016, 60.87917029, 61.13927224, 60.594975724, 61.052165467, 59.741710748, 54.957201164, 56.445600849, 45.651644487]

Manual Benchmark of duration 3639.0786459445953 over 62 runs:
[59.617967172, 59.72329267, 59.197630674, 58.019414723, 55.276254697, 54.454603215, 55.751776447, 54.866431035, 54.628586253, 56.52030082, 56.557955076, 55.725240228, 56.213810602, 56.014036651, 56.755456409, 57.086851724, 58.841062216, 56.826916253, 58.384211391, 57.304160829, 59.277645315, 58.139578651, 59.464497168, 59.567939522, 60.447473597, 59.022081697, 58.865558858, 59.761165983, 59.155299092, 60.640957264, 60.304794715, 59.633151616, 59.846638368, 60.082994518, 58.9523564, 58.257953898, 57.903563547, 58.388683885, 60.03049812, 60.748301788, 60.270571951, 60.679548772, 60.824867191, 59.479318949, 60.814601638, 60.472095887, 60.918208819, 59.635937861, 60.118904811, 59.618191568, 60.403742893, 59.978290232, 60.205992374, 61.010143985, 60.87444052, 60.666259568, 60.91848319, 60.614447423, 60.482294609, 59.997306661, 59.228963674, 45.608232892]

Manual Benchmark of duration 3641.497367143631 over 64 runs:
[56.813545155, 56.989095696, 56.364730633, 57.378233306, 55.647801105, 54.076359236, 55.158292417, 54.657716185, 54.121330056, 55.581425609, 56.705915487, 55.825093591, 56.197198855, 55.275593935, 57.241505927, 57.133757571, 58.842164048, 56.099240841, 57.827738813, 58.02465192, 58.261025766, 58.051308695, 58.449845494, 57.871278244, 58.894509313, 54.986418129, 55.046143727, 56.283883876, 55.68987785, 56.100402527, 57.201057414, 57.065458629, 57.311974611, 57.440281027, 57.412000224, 58.46891559, 57.340147443, 57.39316715, 57.87070273, 57.854751556, 57.46374717, 57.43794264, 57.728250236, 57.111016076, 57.133476657, 57.395883742, 57.632150442, 57.702495943, 57.475263282, 56.776581543, 57.081866007, 57.240161429, 57.350260462, 57.115169776, 57.809126541, 57.734233654, 57.604243332, 57.811235442, 57.703925429, 58.164021874, 58.043903258, 59.51742614, 59.172964732, 44.336631909]

