Manual Benchmark over 100 runs:
[[1.6287577319999997, 33.878184717, 37.850558592000006, 44], [2.3340113459999996, 31.699987898000007, 39.43617453999999, 43], [2.221834198000001, 31.23017108199999, 40.094571027000015, 47], [2.399974043, 33.047987073, 38.381259657, 43], [2.3847970230000004, 31.641328939, 39.878190796000005, 44], [8.656838425, 27.696573864999998, 37.648187368, 44], [8.950182418, 25.499244007000005, 39.70916035699999, 45], [3.918350041, 33.839213656, 36.549028545, 44], [4.126692653000001, 32.759286341, 37.440849619000005, 43], [1.8134583760000007, 36.17857194300001, 36.408682492, 43], [8.939622491, 25.855214994000008, 39.65393317200001, 44], 
[3.021519694000001, 30.419874702000005, 36.631517342, 43], [3.2961828270000004, 28.346893238000007, 38.472106715, 42], [6.060966894999998, 26.954712284999996, 37.209293575, 43], [1.606968591, 28.744277852999996, 40.491231944, 44], [2.130209593, 30.327753614000006, 38.426973889, 45], [6.043504195000001, 21.894316734000004, 43.019149105999986, 46], [7.220457622000001, 25.939975397, 37.866213926, 44], [5.297554581, 25.260362201000003, 40.504392880000005, 45], [2.0839559210000003, 28.738076915000004, 40.328325295000006, 46], [1.6408344379999997, 32.178603323000004, 37.49333796599999, 42], [7.257020803000003, 26.340379822999996, 37.853133979999996, 44], 
[4.70307638, 26.084443119000003, 37.08822934300001, 40], [4.727036867999998, 26.874962434999997, 35.777250321000004, 43], [2.2560377060000003, 27.579480319000005, 38.27232090899999, 43], [2.1052582080000004, 26.471651444999996, 39.46045280200001, 45], [2.22558647, 24.758165446000003, 41.010101018, 45], [3.0466209220000002, 27.377449005, 38.239094079000004, 45], [1.9027450559999999, 27.841900080000002, 39.03391545499999, 42], [1.2496376469999997, 26.590776766, 41.02835966100001, 46], [1.7893744359999997, 24.817187773, 42.270366641, 47], [1.9468808039999996, 26.078293945, 40.83573454399999, 45], [0.927309371, 28.466641235, 39.817510878, 43], 
[2.6821885129999994, 28.18622562499999, 38.525126069, 44], [0.9111704620000002, 28.52320230599999, 38.159945093000005, 42], [2.882026115999999, 25.87016682700001, 38.993199301000004, 43], [1.35650389, 27.998651045999996, 40.78326868700001, 43], [2.3066988939999997, 25.648607007, 41.50744824, 44], [1.800119102, 27.147186061, 40.14033545499999, 45], [1.98720476, 27.250472772000002, 38.886652207000004, 45], [4.511936700999999, 25.096967430999996, 41.39539827000001, 45], [1.8285404929999998, 28.359856578, 38.11798688400002, 43], [2.928648832999999, 29.740079572999992, 38.387714834, 44], [2.7492493259999993, 24.527221561999994, 41.215276624999994, 46], 
[1.9987061389999994, 30.290815732000006, 37.78131109199999, 42], [4.611477567000001, 27.634015917000003, 35.922205344999995, 41], [1.508234132, 27.300220837, 39.405557436, 45], [1.7296405529999999, 27.552220526, 40.70642115799999, 45], [1.188922946, 27.096171074999994, 40.097574447999996, 44], [2.8599430520000007, 23.811350406999995, 42.18920502499999, 45], [2.9854062110000004, 26.219292656, 40.010167104000004, 47], [1.566654207, 30.55295123100001, 36.415878875000004, 44], [2.9879763080000004, 28.595826834, 38.08973561799999, 41], [0.9899572570000001, 31.748509862999995, 38.345461719, 44], [1.0096301819999998, 27.450500820999988, 42.19089916499999, 46], 
[2.9518206710000015, 28.400242420000005, 36.892856337999994, 43], [1.6903096880000001, 30.844757144, 36.087834188, 42], [3.1093676109999993, 27.990519019999997, 37.895595871, 42], [3.363839375, 26.107023096000002, 39.167640829999996, 42], [3.3114469239999993, 24.762305213999998, 42.11904946600001, 48], [0.9458248099999998, 28.635033233000005, 39.454520369, 45], [3.0890318970000004, 24.75428802800001, 40.673315337999995, 44], [1.9172828179999994, 23.578115039000004, 43.665130728000015, 45], [2.0370380840000006, 31.694722633999998, 36.472902013, 44], [2.487930134, 28.995781249999997, 38.81127606300001, 45], [3.133273757000001, 28.947658098000005, 37.97609381699999, 44], 
[1.2161605409999998, 29.432165923, 39.325455456, 43], [3.205070158, 28.535842401999993, 37.49865587, 42], [2.8061808709999996, 28.295875328999998, 39.79329208199998, 47], [4.831775861000001, 27.572662325999996, 38.844463600000005, 46], [3.1487743839999998, 30.155726072, 36.006633652999994, 43], [3.0757362409999986, 27.75748439599999, 39.825373756000005, 45], [2.052147684, 28.943349449000007, 38.248971768000004, 44], [2.8159719260000005, 29.14095774499999, 37.24135191899999, 43], [3.154517115, 29.680451488000003, 38.00385906999999, 44], [1.4976050920000006, 29.865054289, 38.279092385, 42], [3.3316089580000012, 25.456545397, 41.50553376000001, 45], 
[1.248541826, 27.792740233000004, 38.540321607999985, 42], [4.0531257830000005, 22.961588075999995, 41.01292560899999, 46], [2.2140589790000003, 26.317675464999994, 39.46008492299999, 45], [2.590667511000001, 29.226758397999994, 35.591470830000006, 42], [3.919913894, 24.88703223, 39.281143494, 44], [0.637550894, 27.637640305999998, 40.013347760000016, 41], [1.085259761, 27.83371375900001, 39.35430493300001, 44], [2.7668692599999996, 24.728562425, 41.83613670100001, 47], [2.666716089, 30.56097692700001, 36.24705078499999, 44], [1.5445971530000002, 30.247893186999992, 38.103314008000005, 43], [1.7118069399999998, 27.548841368000005, 40.75364138100001, 46], 
[0.7755457589999999, 27.609843845999997, 40.374456640999995, 44], [4.963254629000001, 25.935274103000005, 38.895077101999995, 43], [2.3489555589999997, 26.975812994, 39.06032005, 44], [4.142695262000001, 29.096319135, 35.75355430500001, 42], [1.2653143540000003, 31.554807268999998, 37.192517009, 44], [1.9447756929999997, 27.309554367000004, 39.86598667200001, 44], [3.9588112980000014, 28.72303743499999, 37.343497039, 44], [2.636918252, 26.362562820000008, 41.842425961, 45], [2.750732444, 27.994812249, 38.560257183999994, 44], [3.422444151, 29.122536583000006, 38.626050176, 44], [2.565891636000001, 26.223418434000003, 41.52391892300002, 46], 
[4.736884954, 35.843877746999986, 36.621253447, 43], [4.4638552439999994, 35.27589526999999, 37.70252827400002, 41], [15.284234058000008, 28.757389397999994, 34.283029584, 41], [3.613081858000001, 34.227639972, 40.528318547000005, 44], [12.177645578999996, 29.435491067999994, 36.80010389299999, 44], [4.599868574, 33.915833712, 39.70121004899999, 45], [2.9154586819999997, 36.139870361, 39.429386562, 45], [2.5868766689999987, 35.767219044, 40.09557889000001, 45], [11.463661729999993, 28.397250762, 38.68219477999999, 45], [3.562334383999999, 32.558019046000005, 42.44211656400001, 45], [3.5680322110000002, 35.20218547199999, 39.710249874, 46], 
[2.925852363000001, 25.862864139000003, 40.956527742999995, 45], [5.013865323999998, 28.974607429999992, 35.88880973599999, 43], [1.8634500209999998, 29.75860151099999, 38.31363645100001, 44], [3.656642003999999, 26.940044382000004, 39.35477917399999, 45], [4.1349124129999995, 27.773167711000003, 38.04342488100001, 44], [3.0178321739999996, 29.520860727000006, 37.457271446, 43], [5.418497853, 29.006111469999997, 35.690417910000015, 43], [3.282005879999999, 31.207556796000006, 35.64932815800001, 44], [3.1923005149999995, 32.38641979, 34.676406937, 44], [3.5276347369999996, 28.281907969000002, 38.586910972000005, 45], [3.2555613079999994, 30.080804693999994, 37.257575280999994, 44], 
[3.3960654030000006, 25.549368992, 39.354196679, 46], [3.918154401, 27.663806849000004, 36.339557785999986, 43], [1.5424192799999992, 33.149904107999994, 38.399749813999996, 44], [2.958065277, 27.854225263, 37.338537021, 42], [2.699403127, 26.105358345000003, 39.518547659999996, 45], [3.8607727919999992, 34.13939143699999, 35.849870669999994, 42], [2.635619509, 35.568751533, 35.771250306, 43], [2.9856550579999994, 26.232404083999995, 39.800508572000005, 45], [3.0507923410000015, 30.603036316000004, 40.463558608, 46], [7.198444191999999, 28.600313249, 38.41102684700001, 45], [2.999303465, 33.915063419000006, 37.42865450499999, 43], 
[1.980498949, 28.699145188999996, 39.40931859999999, 45], [1.866156561, 29.926349373, 38.388752796999995, 45], [2.1051608429999997, 30.213897902999992, 38.12913935500001, 42], [2.218918121, 30.33811593500001, 38.18323427899999, 45], [3.333288672, 29.588625255, 37.83462524500001, 44], [1.8264965600000003, 30.946004215000002, 38.02006145599999, 43], [2.8269779719999995, 29.879028836000007, 38.215121048, 45], [2.4613488880000007, 28.153239615000007, 40.43531819400001, 47], [2.3005934499999996, 30.722343854999995, 38.03311548499998, 44], [2.671245934, 32.365465858, 36.250146142, 43], [3.0592047320000004, 31.56118404, 36.729654567, 41], 
[5.508058945999997, 26.072268785, 40.190260343000006, 43], [1.319413472, 26.059811293999996, 44.73795100899999, 45], [1.0420589899999997, 26.014203851000005, 45.32180073000001, 46], [0.8952001659999996, 29.994405264999994, 41.705945396000004, 44], [7.159181226, 21.474283774000003, 44.01025977599999, 43], [1.7620874219999998, 28.372773713999994, 42.555847615999994, 44], [1.25785101, 28.069973926999996, 43.42572812400001, 45], [2.9733046039999995, 32.23281066, 37.595775097, 44], [2.2075407049999995, 30.256449391999997, 40.38763925800001, 44], [1.1438774109999998, 29.638143592, 42.078607744, 44], [1.3443708719999998, 33.624670324, 38.15124917699999, 42], 
[2.6230850300000004, 29.932197496, 36.11944202600001, 44], [2.1276600590000005, 28.623515731999998, 38.11489129, 45], [3.3603457190000006, 24.979681914, 40.74506350499999, 45], [2.0191745330000006, 30.223564256, 36.926276917, 42], [3.1991158400000006, 29.441000798000005, 36.66990474499999, 43], [2.526773869, 28.995909914, 37.791650811000004, 45], [2.6255203639999984, 30.803487, 35.898938986, 44], [5.226037131999999, 26.978395987999995, 37.222121628000004, 43], [3.465353810999998, 26.948574757999996, 39.085055768, 43], [4.756287103999997, 27.474108814000004, 37.367972475, 45], [4.23709539, 28.930974663999994, 36.51436587600001, 45], 
[2.3587699960000004, 26.210129891999994, 40.003335162, 46], [2.2393168329999993, 35.460333051, 37.198095546000005, 40], [2.1507212479999995, 32.269393815, 40.556480359999995, 44], [2.4350092030000003, 26.81860955, 39.76684533699999, 46], [3.4350909590000005, 27.957846546000003, 37.28719559400001, 44], [3.099189246000001, 33.97550256099999, 38.29296088900001, 44], [2.612801397000001, 34.69399715099999, 38.10109892600001, 43], [3.609076536000001, 34.53201384300001, 37.38460767399999, 42], [1.8879689960000003, 26.74687196199999, 40.71294945000001, 48], [3.3880533600000007, 25.381421434, 40.5763649, 45], [2.914926918999999, 27.014240948, 39.145833237000005, 42], 
[5.616979606000001, 26.819425715, 37.935876997, 43], [7.855114863000001, 23.849647547000004, 38.747399945000005, 42], [4.980468229000001, 26.079342627000006, 39.46223910600001, 43], [6.585770826999998, 26.370125836, 37.68329046600001, 44], [3.897634385999999, 27.061116450999997, 39.75141399600001, 44], [4.853635505999999, 27.947199498999996, 37.956473937, 46], [8.404545661999999, 25.360906069999995, 37.192681871999994, 44], [4.944553749000001, 28.099704429000003, 38.04713832200001, 44], [5.492950522999999, 30.419758582, 35.299433867, 43], [5.9072229730000005, 25.941616903, 39.44107661999999, 46], [5.337430570999998, 25.793751829000005, 40.297069468999986, 45], 
[2.8476936039999994, 26.325601004, 38.95586418700002, 45], [4.650792431000001, 27.322426226999998, 36.427352503, 43], [3.9997995860000004, 33.335188202999994, 35.025223419, 42], [7.013926848000001, 29.337433233000002, 36.027400140999994, 43], [3.662568501000001, 32.959116348, 35.766540479000014, 43], [3.7202361249999996, 26.835329227000006, 38.16073145499999, 45], [2.642310222, 27.94607312300001, 38.157226118, 46], [4.869833856999999, 29.349230212000002, 35.34754388200002, 43], [3.6934185030000006, 27.916911622, 38.169453012000005, 45], [3.7608614059999996, 29.381893488000003, 36.29294932400001, 43], [2.4536546329999998, 25.912532273999997, 41.24748317499999, 46], 
[4.657910943999999, 27.31740870899999, 38.01311924, 43], [2.880736813, 26.545822206, 40.66773757899998, 44], [6.684929426999998, 28.54515024900001, 34.912769780999994, 41], [4.772329983, 27.25919563999999, 38.33899206900001, 44], [2.3498830180000003, 30.775402426999996, 37.353636091999995, 45], [3.143042511, 31.235098084999994, 36.206564418999996, 43], [9.317263415, 26.008457762000006, 35.444224417, 43], [2.3909850009999984, 29.701210030000006, 38.692215422000004, 45], [3.144064220000001, 24.915341598, 42.94104860299999, 45], [4.129689157, 29.249825126, 37.664349789, 45], [2.230445763, 29.594243114000005, 39.250271831000006, 46], 
[5.558571212999999, 23.638846424999997, 41.526324529, 46], [7.376146520000001, 22.890942954999996, 40.464276604, 44], [3.6396776380000007, 28.92768266399999, 38.172595062000006, 44], [5.819220541000002, 26.48573337, 38.622055603, 41], [5.337232727000002, 26.471696438000002, 39.404009119, 44], [3.1616674609999995, 30.084552204999994, 38.11785562000001, 45], [3.352776447000001, 28.632099572999998, 39.51893103400001, 44], [2.0275342490000003, 31.031787057000006, 38.463783145, 47], [6.875149901000002, 26.600007528000003, 38.140841324000014, 41], [8.307103223999997, 26.013595069999997, 37.45345809, 44], [6.8408869260000005, 25.130655230000006, 39.829864171000004, 44], 
[0.4081019469999999, 11.911245491999999, 36.85051642499999, 43], [4.112712269000002, 9.719292098, 35.44175243, 43], [0.41710268999999994, 11.295961432000002, 37.608889784999995, 43], [0.90275921, 7.505618912999999, 41.12264617899999, 44], [0.48928973799999986, 9.826260380999999, 39.310209731, 45], [0.6647634020000001, 10.593736651999997, 38.442733441, 44], [0.5175986119999999, 11.333471823999998, 37.904191716999996, 44], [0.8713486339999997, 10.770076305000005, 38.115395502, 45], [0.5854584000000002, 12.650174834000001, 36.54163672499999, 44], [0.7269345580000003, 12.265149260000005, 36.85110434899999, 45], [0.2919251150000001, 11.843413470000002, 37.715502777, 44], 
[0.4723875839999999, 11.449914556, 37.522995689000005, 43], [0.3237171880000001, 8.337800326, 40.798257825, 43], [3.515420396000001, 8.021211159, 38.03876239999999, 44], [3.2298120770000005, 4.984043398000002, 41.540613396000005, 44], [1.1217017889999998, 11.118005210999996, 37.68078372699999, 44], [0.7363723399999997, 9.317061597999999, 39.89318417, 45], [0.964337123, 13.117251421, 35.878234487, 44], [0.7386089250000001, 11.183490673000003, 38.063479777, 45], [0.576350064, 11.651133759000002, 37.815997775999996, 44], [0.576539313, 11.616649677999998, 37.914043274, 44], [1.122411985, 11.85777285, 37.280970067, 44], 
[0.406752699, 10.520794925, 38.831710472, 43], [1.02361249, 11.956230890999999, 36.803975115, 43], [1.308442598, 9.372834515000001, 39.249945700000005, 43], [0.7855016429999998, 7.475746726, 42.10238442500001, 44], [0.536738473, 12.754483953, 37.076939756, 44], [0.28605798, 9.467561427, 40.70011740500001, 44], [0.8945439130000001, 11.533285451000001, 38.027259238, 44], [0.6568621819999997, 10.929140080000003, 38.918337364, 45], [0.601972248, 12.228914418, 37.77153418800001, 45], [0.620559107, 12.44378944, 37.58226155200002, 45], [0.5100822980000002, 11.51986668, 38.65575551999999, 44], 
[0.4994159560000001, 12.500764206999996, 38.670345417, 43], [4.063134038000001, 9.558202729999996, 38.143311222999984, 43], [1.4972292219999999, 12.827197209000001, 37.510603999, 44], [0.6460558860000002, 10.783899372000002, 40.60749898, 44], [0.7209374569999999, 14.006564367, 37.348430353, 44], [0.925368434, 10.910369098000002, 40.345107904, 44], [1.2959881880000002, 10.962087422999996, 40.014314562, 44], [0.4540232900000001, 11.881174690000002, 40.056687143000005, 45], [0.9556409100000002, 13.004206469000005, 38.47099512300001, 44], [0.32508849300000003, 11.655781095000004, 40.474464000000005, 44], [0.7302017150000001, 10.819966343, 40.971109191, 45], 
[0.445768522, 10.929975138999998, 39.86807307999999, 43], [1.0989486030000002, 11.646623528, 38.555077567999994, 44], [4.216088969, 9.880132095999999, 37.259280238, 43], [4.339652815000003, 7.177736391999999, 39.991457543, 44], [0.5356271319999999, 13.058157319999994, 38.15340005400001, 44], [0.698168137, 11.543598123999997, 39.506633971, 44], [0.446347923, 12.736487699999998, 38.582911170999985, 45], [0.7892521329999999, 13.885107203000004, 37.156417837000006, 44], [0.44870012499999995, 14.102080523999994, 37.35004895700001, 44], [0.4543198460000001, 9.616548687999998, 41.859760513000005, 44], [1.760749676, 12.403651023, 37.82172125, 45], 
[0.624734197, 12.558686392000002, 38.53120307000002, 44], [0.8951665, 14.179948716999997, 36.67796557799999, 43], [1.3257319929999998, 12.589436633000002, 37.858041029, 44], [1.1359491870000002, 11.643455144, 39.346619273, 45], [0.7614566009999998, 14.227686466000003, 37.21459962699999, 44], [4.043329922, 7.929939838000004, 40.344933477, 44], [3.9431163459999987, 9.322775044999998, 39.067837569000005, 44], [0.871434233, 12.023734605999996, 39.519283321, 44], [4.026540558999999, 8.695392677, 39.710151417000006, 44], [3.7055609940000003, 8.183615198000002, 40.60414830699998, 44], [1.5144938699999997, 11.414377572999998, 39.62036841, 44], 
[1.570172262, 9.771943437000001, 36.683113024, 43], [0.8721607219999999, 8.405567137999999, 38.83850501300001, 43], [0.460310002, 9.491122662999997, 38.372721435, 43], [0.6082737799999998, 10.491396146000001, 37.42632901699999, 44], [0.3043429980000001, 8.387305170000003, 39.92960298800001, 44], [0.8668646709999996, 9.345446890000002, 38.46095202400001, 45], [0.9003508720000002, 9.741940578000003, 38.167411933, 45], [0.826273272, 9.063814206000002, 38.964090578000004, 44], [0.827051623, 6.791071677000001, 41.255102216, 44], [0.5776607090000002, 7.1698939479999995, 41.17027639400001, 45], [1.609207977, 7.437097532000001, 39.88417872, 44], 
[0.8290773270000001, 8.264250581000002, 39.808737477, 44], [1.2407257449999998, 8.189184339999999, 39.820760838999995, 43], [2.2724515569999997, 9.946461505999999, 37.263651182000004, 43], [1.133057962, 10.789843443999999, 37.591151950000004, 44], [8.28395232, 8.555779615000002, 38.328425571, 43], [1.024168869, 8.725465849999999, 39.797539564000004, 44], [1.019268966, 9.28086884, 39.283370016999996, 44], [1.1590898779999996, 8.421087033000003, 40.277866079999995, 44], [1.3898026419999998, 9.014494995, 39.533417787000005, 46], [0.8004039399999998, 10.377608317999997, 38.951391443, 44], [1.3102231870000003, 10.600651110000003, 38.02057529300001, 45], 
[0.49704688900000005, 11.209730365000002, 39.599595648000005, 44], [1.3296911359999999, 13.087971945000003, 36.913850735, 44], [0.4941903470000001, 13.461025140000002, 37.410001817, 43], [0.3427106799999999, 11.557733835999999, 39.708600707, 44], [0.3617553650000001, 11.401742102999997, 39.916802034999996, 44], [0.3849788559999999, 11.895435671999996, 39.48589659699999, 44], [0.5883905079999998, 9.979801051000003, 41.25319761, 44], [0.9781950880000001, 12.355980050999994, 38.48677969599999, 44], [0.3512775880000001, 10.452730273, 41.05461983599999, 44], [0.8838499739999998, 11.994948459, 39.032360519, 45], [0.5574519510000001, 11.168126809000002, 40.18716917699999, 44]]