Manual Benchmark of duration 280.96616983413696 over 100 runs:
[0.124477605, 2.495289604, 1.834039487, 2.103834278, 3.195848751, 1.252291757, 3.425155573, 2.185066685, 3.293512348, 3.156397363, 1.875974687, 4.365927641, 1.235049868, 1.585438736, 3.462403893, 0.639407579, 2.795572226, 2.839112665, 2.207258717, 2.381376551, 2.815572986, 1.898994557, 2.982699041, 1.399962444, 1.53242441, 3.581975002, 2.542856226, 2.509319597, 2.321432544, 1.421496463, 2.944667503, 1.603339688, 3.614422152, 2.513047328, 2.821071149, 2.968293284, 2.368182463, 2.219162249, 2.583794287, 3.196266417, 1.925692669, 1.594764879, 3.181300958, 1.25836103, 3.490100109, 2.20776035, 2.993139974, 2.52535027, 3.451171131, 2.560128729, 2.868975569, 1.26288322, 2.870848969, 1.28524903, 3.174532001, 2.842564771, 1.60237057, 3.162074141, 2.24583325, 1.109774926, 2.406189185, 2.596754059, 1.91609481, 2.546385701, 2.91220995, 2.239930621, 2.571689031, 2.552607572, 1.272679751, 3.523059892, 2.234141562, 3.722185196, 2.220164292, 3.378296047, 2.210900653, 2.743265647, 2.842506594, 1.587060831, 3.057631898, 2.705032999, 3.837190585, 2.564800713, 3.558922044, 0.644330451, 3.528162874, 2.131875357, 2.112099067, 1.923412482, 3.194377275, 2.109439868, 3.188908846, 2.761894229, 2.922515654, 0.638107851, 3.676842472, 2.234745214, 4.012506433, 1.933011153, 2.890372405, 2.234743835]

Manual Benchmark of duration 305.99077105522156 over 100 runs:
[0.747353534, 0.997602586, 2.61316349, 2.118459917, 3.819423359, 1.868957206, 3.766762091, 3.622832687, 2.821326984, 3.448642133, 2.804805415, 2.798918915, 2.529847704, 3.462416843, 3.433210775, 2.523476666, 3.960918248, 4.692975783, 2.663575522, 3.255822942, 1.548230089, 4.199077091, 3.502671175, 4.051036087, 1.53559917, 2.988440082, 3.470872317, 2.992860313, 3.771430367, 2.965231744, 2.377386213, 3.835511286, 3.982104832, 2.414893833, 3.504754167, 1.25974142, 4.122503438, 2.51889864, 3.625815794, 2.851478699, 3.465453481, 3.817010049, 2.229020999, 2.542097379, 2.22402521, 4.427689621, 1.566733911, 4.123828051, 0.96855322, 2.710408186, 3.358790995, 2.58615486, 3.832359981, 3.5575104, 2.246786131, 1.94366902, 3.186126732, 1.277579271, 4.154438723, 1.600518201, 4.015028017, 2.383335177, 2.883138462, 2.051220937, 3.064199727, 3.494616074, 0.645930431, 3.686277418, 2.392680018, 2.556950763, 3.518015424, 1.617132791, 2.878911414, 2.234468593, 1.938449962, 1.958913472, 2.255052683, 2.224279444, 2.894353734, 1.295162262, 2.217615424, 2.119172227, 2.256019964, 3.05417503, 2.251198664, 2.540117365, 0.978072612, 2.41067908, 2.907408964, 3.517702687, 2.944685264, 2.05054806, 2.938959925, 2.42090918, 1.933074113, 2.717669531, 2.594328534, 2.241573295, 2.110268478, 1.452312488]

Manual Benchmark of duration 334.8902699947357 over 100 runs:
[2.504359033, 3.028059566, 3.340454515, 2.009857432, 3.430754112, 3.913165357, 3.435921023, 3.162450813, 3.082940366, 3.736626514, 3.489307562, 3.104653396, 3.430458315, 3.777718573, 2.668150771, 3.130037616, 2.181928908, 3.122064196, 4.506035841, 2.461848248, 2.701015391, 4.337912498, 2.006797344, 3.129406228, 3.438817487, 3.616719742, 2.972317913, 4.214417704, 2.058315923, 3.052775532, 1.771342863, 2.383929534, 2.561201258, 3.178583518, 2.203683809, 3.478303179, 3.618730535, 2.813109571, 2.854168419, 2.82183814, 3.833839548, 2.213961791, 3.82877612, 2.847939581, 4.100581232, 2.2410164, 4.782970231, 4.4853175, 2.252017301, 3.182300322, 2.25324997, 3.211570631, 2.560067011, 2.858134022, 2.718022786, 2.700503408, 3.059948526, 2.257889601, 4.465797624, 2.704867977, 3.531723582, 3.96331122, 2.560063772, 4.141451115, 1.601269102, 4.161514945, 3.229426423, 3.825801295, 1.925974673, 2.473801535, 3.378077549, 4.482335576, 2.264330423, 2.71216728, 3.570713944, 3.69877941, 3.994267072, 2.091591598, 3.36942519, 4.180444917, 2.72565482, 2.905607475, 1.942190273, 2.925911444, 4.333494964, 3.371009042, 2.598250425, 3.882707158, 2.390055291, 2.818359039, 3.027256793, 1.896186045, 2.514833577, 2.534012988, 2.264762585, 2.033970052, 2.054715981, 2.037855012, 2.043461832, 2.220228627]

Manual Benchmark of duration 345.71530508995056 over 100 runs:
[2.654082818, 2.868670381, 4.253155484, 3.256716458, 3.135565843, 4.566893644, 4.09381057, 1.863154667, 2.173623917, 3.121403725, 2.845625164, 3.107824926, 4.376414813, 2.491894737, 3.61874445, 3.126004046, 2.335736802, 2.952510462, 3.860122842, 3.742441207, 1.575526528, 4.185108063, 3.109067858, 3.817205735, 2.639203734, 3.759103837, 2.334485454, 3.279054094, 3.486867197, 3.856086675, 1.128312254, 2.375168503, 2.877636267, 2.544824339, 2.210114809, 3.484234179, 3.307888695, 2.491042931, 2.535454119, 3.139240431, 3.8262066, 1.9034982, 3.828029979, 3.152194721, 3.472812231, 3.50164073, 3.331943216, 2.89915172, 3.203889571, 1.945216239, 3.832923451, 1.643366289, 3.824642991, 3.821092253, 1.281774721, 2.711114147, 2.721527537, 2.733443536, 2.256432391, 3.512095083, 2.862220123, 3.046823027, 4.2862313, 3.364226699, 3.192881354, 2.716758407, 2.892401453, 2.891291644, 4.484024805, 4.059942779, 3.740976998, 4.961103092, 4.326982131, 3.73083343, 4.996414033, 3.187835226, 3.859116126, 5.79542222, 2.562097734, 3.41777582, 3.565766826, 4.022382443, 2.885204846, 3.731868752, 4.022507034, 1.463987778, 3.346300173, 3.643206695, 1.927279465, 4.087984482, 2.864020458, 2.579883376, 2.031391412, 2.523204118, 1.888884176, 2.377328363, 2.968823745, 2.817582749, 3.302900656, 1.262519534]

Manual Benchmark of duration 368.01673007011414 over 100 runs:
[0.747304264, 0.845884291, 3.675707013, 1.977020592, 3.387512614, 3.755910201, 3.931190555, 4.082282201, 4.069058232, 4.355493053, 2.834696884, 3.792737032, 4.680337674, 4.412482183, 2.99704516, 4.669584175, 4.381160404, 3.891233062, 2.807438517, 4.094961365, 4.647698817, 5.834200089, 2.982291503, 4.078216008, 4.228674003, 5.57026505, 2.088675072, 3.975294522, 3.838548097, 3.796070708, 3.485506499, 3.948197374, 4.73157133, 3.458342441, 3.840268489, 5.07706552, 2.209876811, 5.373018372, 1.9170557, 3.495613281, 4.17124479, 3.53796827, 3.212705021, 2.88695488, 3.226684141, 2.229029271, 3.189872132, 1.598313931, 3.514766582, 2.871661942, 2.730257206, 3.496905573, 3.040641007, 3.511821633, 3.339132969, 3.189770234, 4.29587825, 1.756305727, 3.201919284, 3.202785874, 3.211879144, 3.521949494, 2.298556342, 3.243615533, 3.191181595, 3.227325724, 4.318799192, 5.503772987, 2.079608668, 3.193246326, 4.338035753, 4.200248286, 3.834159647, 2.795824458, 4.531790358, 2.40581963, 3.221316177, 3.375768312, 3.221712696, 3.729338182, 2.218872876, 3.616350285, 3.207844797, 4.429335723, 1.905825035, 1.955096044, 1.571047275, 3.317172605, 2.514826438, 3.828375481, 3.436939912, 3.298108086, 3.600601098, 2.641935905, 2.860622249, 1.864975917, 2.672674935, 2.528028299, 1.561472656, 3.168386431]

Manual Benchmark of duration 378.7858638763428 over 100 runs:
[1.023248604, 2.112888517, 2.278168672, 3.042037795, 3.568473288, 3.450510952, 1.73029841, 2.507732685, 4.082910331, 3.722675714, 3.437280924, 3.806584012, 5.303526052, 3.470434303, 3.937352298, 5.315884983, 3.90547708, 2.302180243, 3.288683031, 3.135420747, 4.822773172, 4.978675067, 4.431550485, 2.367966262, 3.767965468, 2.969675893, 4.388346298, 3.698752531, 4.149408667, 4.476205427, 5.368205898, 2.84018899, 3.312950504, 4.40888339, 6.96215165, 4.462098779, 3.82012472, 4.45219219, 2.225007461, 5.072629922, 3.864970839, 3.879605449, 2.8809567, 4.21143113, 4.810566232, 5.410105303, 4.481375963, 3.704518227, 3.499094373, 2.736780107, 3.797185004, 4.27218712, 3.686510139, 3.822507894, 2.079301987, 3.527600694, 5.152199315, 1.602153822, 2.906028353, 4.562814274, 2.564574344, 3.862645435, 4.982412962, 2.262675784, 3.233138574, 4.311025193, 4.180353327, 3.376654811, 4.491318919, 3.42544429, 3.864227798, 2.277243904, 4.653392334, 2.42168232, 4.525652138, 3.398835322, 2.857476677, 2.376447261, 4.793527442, 1.258334024, 4.150070121, 3.998535025, 3.15190643, 3.628279756, 2.07710454, 3.417280863, 2.339039253, 3.16150881, 0.169836635, 2.958362187, 2.848570749, 3.129185411, 3.288462147, 1.273144024, 2.195725128, 3.627200147, 1.893108027, 1.903732726, 2.356767474, 2.179490258]

Manual Benchmark of duration 403.16996788978577 over 100 runs:
[1.506599508, 3.333275725, 4.479678467, 4.410678169, 4.855963975, 5.031189929, 4.349787032, 4.109880001, 5.920771141, 4.390561503, 5.216209206, 4.862111228, 4.480078011, 4.82370101, 3.509555674, 4.665466997, 4.201872982, 5.51296089, 4.394163797, 4.841863833, 3.967984792, 4.979575739, 3.354483973, 5.080993708, 6.025046098, 3.630957694, 5.057788309, 3.14291534, 4.467651168, 4.78239022, 5.064430331, 2.858253421, 5.076782591, 4.487410581, 4.84017721, 7.066190441, 5.124285802, 6.382432394, 2.881413302, 5.940153279, 2.737357367, 2.857752793, 4.330539478, 3.477449645, 4.65173687, 5.28768122, 4.815536385, 5.449063107, 5.227421694, 3.842335285, 4.519840705, 4.663888252, 4.847546727, 3.687219862, 5.611167985, 5.163880028, 3.687638192, 4.009960243, 4.568333647, 5.125276761, 3.572675866, 3.210865847, 3.074502311, 2.844246698, 2.06535523, 2.583226046, 2.831557158, 2.532392968, 2.562804886, 2.261686125, 3.157824249, 4.406940054, 2.071585771, 2.794612981, 2.205715997, 2.228691487, 2.667725744, 3.592680578, 3.18625811, 2.187187489, 2.358194943, 2.535165548, 1.888265427, 2.384731142, 2.82692225, 1.898700306, 1.730247221, 2.195827319, 0.482531477, 2.972250397, 1.725830031, 2.194201868, 0.324792161, 1.587741615, 1.882129828, 2.873382381, 2.239319427, 1.752738151, 1.907877887, 1.568027967]

Manual Benchmark of duration 405.02385807037354 over 100 runs:
[1.299308325, 2.8948763, 2.406550706, 3.350132825, 2.050304459, 4.069269571, 5.808309012, 5.972048307, 5.938674459, 3.480153243, 2.513453246, 5.334308281, 5.534265405, 5.005925533, 4.357875876, 2.025327613, 5.651245364, 3.579892942, 4.059830397, 5.064327184, 3.607608962, 3.773764228, 4.842920233, 3.989518541, 4.34258262, 5.582517761, 5.692185658, 3.799610248, 5.514644325, 3.4763743, 4.451808028, 4.130902479, 4.458028689, 5.074369301, 3.82100207, 4.78727856, 4.50175616, 4.19055697, 4.506198041, 6.712750013, 4.645622167, 3.998251347, 5.636097198, 3.199299013, 3.333719468, 5.59480018, 4.980687239, 6.204707823, 5.164829355, 5.457971266, 6.525293275, 4.807383446, 4.821392437, 6.319604193, 3.698797421, 5.773114741, 6.284961286, 4.002265603, 3.857892597, 3.608488185, 4.016581973, 3.049807711, 4.200225858, 3.245558066, 3.037891702, 4.906264138, 1.931443764, 4.097927362, 3.83773063, 3.350795884, 3.1524897, 3.628910836, 3.937382878, 3.298150356, 3.468853692, 0.793957117, 3.268057288, 3.506570601, 0.931038724, 3.613181218, 2.531750889, 3.458980703, 1.43668632, 2.8401867, 1.902812327, 0.935917604, 2.969889567, 0.641788022, 2.024560503, 1.718932922, 2.187373329, 0.929314895, 1.599780986, 1.887851717, 1.906037527, 1.251034135, 2.395459444, 0.957981073, 2.815370692, 1.423395791]

Manual Benchmark of duration 436.5702040195465 over 100 runs:
[6.342918833, 5.498670883, 5.341298128, 4.034518884, 5.312762781, 5.65660658, 5.309546602, 5.521573306, 6.428214546, 4.172599682, 5.948740994, 4.505077582, 5.294469937, 5.83393987, 3.470110857, 4.516869643, 6.49559816, 3.058546431, 6.53530427, 5.056318078, 5.535672664, 4.735628509, 6.95879276, 5.07894497, 5.715898041, 5.065765171, 6.349398642, 4.47477256, 4.85103031, 6.419621411, 5.433265363, 5.426706214, 4.342803127, 5.110700644, 5.2637178, 4.969693779, 6.544731012, 7.832279264, 7.706939388, 6.185643475, 5.768685268, 4.827909547, 4.353702141, 4.831084328, 4.790116799, 2.73924156, 5.000854743, 5.149133509, 4.345852173, 2.934552844, 5.923814148, 4.364726603, 3.875993068, 3.983934265, 3.603067146, 3.169677499, 3.774410661, 4.17291848, 3.454343372, 2.659851694, 3.620786697, 4.54496353, 3.279394106, 4.24888494, 4.21517184, 4.417748676, 1.263985605, 4.862509023, 2.523949859, 3.003420486, 2.052612862, 3.137674002, 2.661607785, 3.112763303, 2.50412907, 3.125015273, 3.160971002, 3.181901731, 2.697247415, 2.53244331, 2.830696692, 1.420962741, 2.712191065, 0.784359438, 1.570140777, 2.028015644, 1.560642837, 1.578759146, 1.896284948, 2.374130035, 2.773588774, 1.572259537, 1.897827568, 2.511283041, 1.556147567, 2.062864103, 0.637911782, 2.19699711, 2.509172431, 1.891717658]

Manual Benchmark of duration 448.3348698616028 over 100 runs:
[1.44126694, 5.470089121, 4.938571711, 6.4343689, 6.605240176, 6.228469729, 3.764693983, 5.96957511, 5.015027852, 6.619492859, 4.252583339, 7.461966753, 7.360140198, 5.276672297, 5.998157084, 4.564122242, 2.963108114, 3.294810023, 5.442583635, 7.349838004, 7.613456296, 5.529608084, 7.232626271, 8.908734829, 8.576277251, 6.006669412, 4.477859351, 6.745634601, 8.362000911, 7.980015304, 8.17529449, 4.622454449, 5.2375015, 6.224070481, 5.581573702, 6.256088222, 6.742295868, 6.329933981, 7.530216446, 5.298322083, 5.512034207, 3.357963671, 4.485736858, 4.668757752, 4.182518918, 3.913634526, 5.643993525, 3.367868882, 4.647527665, 4.515438389, 4.658446955, 4.107356401, 4.932535358, 4.718148655, 3.882190898, 3.630093766, 3.757732992, 4.097680923, 3.140963941, 4.25555649, 2.669947464, 3.941473948, 4.705239787, 2.676633515, 3.460295712, 3.632618727, 4.410425246, 2.662981435, 3.123201493, 0.941484044, 2.962012557, 2.810713381, 2.841457661, 3.504215903, 2.551600989, 2.413786863, 2.187117939, 1.279739954, 0.941664784, 1.42135014, 0.649311562, 2.54050531, 1.562571887, 1.721320752, 2.195522339, 2.210723229, 2.036847734, 1.888802318, 0.305989741, 1.554142578, 2.504327381, 1.864401918, 1.272274255, 1.553609628, 2.393772755, 2.20223188, 1.911891518, 0.311132142, 2.677014068, 1.602446596]

Manual Benchmark of duration 458.28392696380615 over 100 runs:
[5.586911727, 5.54539053, 6.442209711, 4.41534899, 6.536189358, 5.005672721, 6.54680365, 5.832348354, 4.997119293, 5.489343207, 6.976224039, 5.046425914, 6.037497252, 2.715975751, 6.096170731, 6.724729832, 5.397184886, 2.576063327, 5.759342705, 7.606973467, 4.881762215, 5.053092129, 6.65476621, 6.02927505, 6.35507859, 6.177396217, 5.425721971, 5.960467815, 5.780004861, 5.437506382, 7.491808829, 5.784005612, 6.561328339, 6.225915931, 7.480745603, 6.837163064, 6.760179617, 6.417320288, 6.163814726, 6.436258799, 6.941865424, 6.239561266, 6.586989666, 6.432801941, 5.633916485, 5.343669114, 5.303373716, 5.973070396, 3.212349797, 4.427041662, 5.413743314, 4.745964374, 5.57971467, 5.022981677, 5.670306009, 4.242180649, 5.163555444, 3.300659236, 4.720269317, 3.302110477, 3.786014893, 3.93462945, 3.952128389, 2.50361253, 3.425304134, 2.339574384, 3.121151693, 3.149348272, 2.536634489, 3.203134351, 3.972792009, 2.345555275, 2.838535461, 2.078294252, 2.676428036, 1.715306142, 2.498131341, 2.518042711, 2.045136434, 1.277149195, 2.775189253, 2.509370331, 2.504967152, 0.345562551, 2.182182321, 1.914559568, 1.883249299, 2.236554819, 1.871073789, 1.736735533, 0.634155612, 2.660278977, 0.314453321, 1.559245847, 0.934533935, 1.568940217, 0.635196482, 0.959956094, 0.921820745, 1.235937017]

Manual Benchmark of duration 469.50660490989685 over 100 runs:
[2.653211728, 5.616948786, 5.884013908, 7.083618558, 7.510074205, 5.321977381, 7.228042167, 7.708557772, 6.268461392, 3.913731421, 6.214185325, 5.357414014, 4.977185797, 5.531638959, 6.110374781, 4.201655174, 5.833100962, 6.712933524, 6.073710605, 5.696018028, 6.765856764, 7.917702749, 5.400800889, 7.624763831, 6.963765992, 7.039169971, 7.393259831, 9.318994742, 7.011140135, 7.872484809, 5.430225794, 6.377832896, 7.187457473, 8.469708665, 8.027895989, 8.117367318, 8.331702852, 7.928976205, 6.243197716, 8.53101297, 5.977216925, 6.321368296, 5.607413206, 6.137350622, 4.021250244, 3.144360769, 6.846959792, 5.392991776, 6.507944704, 5.526607472, 4.23051543, 3.624484517, 4.23465606, 2.961982956, 4.118675474, 4.243827171, 4.731809216, 3.307763738, 1.885514117, 2.387211203, 4.695981099, 2.492695621, 2.993549596, 3.773864175, 2.853688821, 2.89263144, 3.356979067, 3.277753849, 3.478424184, 1.4439951, 2.682233016, 1.718287112, 1.265802716, 2.19075762, 3.628835251, 2.838789832, 0.309498411, 2.18670343, 0.950983134, 2.20161217, 1.918094568, 2.364587555, 2.53043479, 2.223318839, 1.860578609, 1.745500532, 2.079035824, 0.949767015, 1.871150749, 1.257072636, 1.86773848, 0.931366695, 2.19371854, 0.316578051, 2.012225366, 0.630545443, 1.238607137, 1.87322619, 0.313878252, 1.873162149]

Manual Benchmark of duration 471.64019894599915 over 100 runs:
[1.301680164, 3.051111104, 5.456745262, 7.639838258, 6.44296779, 8.397954926, 7.545690656, 9.596341729, 6.579392091, 7.938167457, 8.473868901, 7.00537101, 5.22114807, 4.402082477, 3.602461983, 3.927728993, 9.291984891, 6.991754096, 6.488286384, 5.035334059, 4.401429281, 3.507010729, 5.09076079, 5.73020478, 6.018507681, 5.574170456, 4.661658135, 4.805289681, 5.48767643, 5.432441522, 4.337993327, 6.746615493, 6.88483894, 6.216596351, 5.410915636, 6.384086587, 6.085677657, 6.405008128, 5.219181344, 5.436370108, 5.452949238, 4.698294661, 5.931972035, 5.111795709, 4.999640733, 6.132540431, 4.668733423, 5.324512135, 5.631022707, 5.331565146, 5.685699866, 3.037030202, 7.279018801, 7.353559109, 7.249545423, 6.565331383, 6.284327491, 4.424776315, 4.869019333, 5.037893828, 5.526410804, 3.959171018, 4.701338828, 2.964442497, 2.51719593, 3.772903985, 3.173011551, 3.819439934, 4.121136356, 2.838458441, 2.382628584, 1.909442927, 2.52072468, 3.751835737, 1.886551408, 1.267510335, 2.53413758, 1.837009149, 2.19493763, 2.512393981, 2.523751391, 2.371831575, 2.537528051, 3.170903734, 1.888630068, 1.762982602, 2.351980176, 1.879318459, 1.571514317, 1.563937747, 1.564662678, 0.954239904, 0.918577355, 2.024911565, 0.938997455, 1.243363476, 0.318296511, 1.566803968, 2.051798884, 0.320880652]

Manual Benchmark of duration 468.0945928096771 over 100 runs:
[5.733067003, 5.122459155, 5.185688263, 4.424998489, 5.274698692, 9.102093423, 4.679702463, 5.038348422, 4.226967919, 5.165142358, 4.160537991, 4.819738681, 4.86788065, 3.876971683, 4.584955581, 5.157697332, 4.551526062, 4.532129273, 5.744958995, 6.065160154, 8.564837666, 7.076069775, 7.895057699, 7.959895149, 6.020906361, 7.604779072, 8.331638641, 6.087646101, 6.097944492, 5.122746162, 7.377124764, 6.713140165, 5.730428236, 10.55550117, 9.108192365, 10.470745186, 9.830857507, 5.959034293, 8.198900837, 9.469413951, 8.412195083, 10.29383945, 6.934749909, 8.788312496, 4.324990086, 4.079279443, 5.102308473, 4.432144413, 2.986515925, 5.365813677, 3.138960901, 3.622980057, 4.384899966, 2.194117708, 2.868932569, 3.293403867, 4.382944656, 2.224190608, 2.685575354, 2.676058604, 3.773065544, 2.354081454, 3.422581724, 1.884846537, 2.813134411, 3.482209613, 2.8553068, 1.934091506, 3.040099496, 2.344988435, 2.378982264, 2.386574844, 1.899277978, 2.346906405, 1.887084128, 2.17700664, 1.908049888, 2.059105273, 4.655472223, 2.20470258, 2.1938005, 2.959301619, 2.529859801, 2.21097687, 3.438915946, 3.483360906, 0.318104771, 2.794425834, 2.182679411, 2.813431083, 2.934818891, 1.230800627, 0.922126984, 1.244729197, 1.253956936, 0.932911395, 0.328353401, 1.092801941, 0.777830048, 0.321867911]

Manual Benchmark of duration 475.37979888916016 over 100 runs:
[2.061409348, 4.122566578, 5.037152767, 7.055543429, 8.162395602, 4.038114063, 6.916498817, 7.189199629, 7.702884203, 8.43466004, 5.115673501, 8.303162337, 8.760430453, 8.469556584, 5.983945176, 7.839925787, 7.316567966, 7.128245162, 7.89517722, 7.306407389, 7.3098502, 6.977799471, 7.655735982, 7.715960961, 8.352619831, 10.554006305, 7.229713809, 5.130217273, 6.383033886, 9.58347609, 9.317262809, 8.229441634, 7.541644635, 8.227589436, 6.916764535, 7.859523839, 6.11032917, 5.331493364, 6.964332357, 7.90260769, 4.046890713, 6.506992862, 6.827297474, 6.712938468, 6.457546075, 5.374680367, 4.389950055, 7.686343871, 3.490617751, 4.386055076, 4.557053592, 3.479876262, 4.552398002, 4.881261603, 2.805380981, 3.60239054, 3.763533905, 3.788708814, 3.519687812, 3.357896067, 3.598130861, 2.050704523, 3.180395973, 1.42515164, 2.657538967, 1.575423167, 2.52850923, 2.051063284, 2.53971814, 1.232428036, 2.825666663, 1.895879508, 3.133672864, 1.440537991, 2.527758481, 2.225139139, 2.482285132, 2.395885884, 1.741663793, 1.567602038, 0.318220972, 1.87533138, 1.247008587, 1.866004469, 0.952353154, 1.83664177, 0.476971467, 1.558809788, 1.237619156, 1.249770246, 1.860498839, 0.322157701, 1.256992536, 1.09377451, 0.326635281, 0.320027291, 0.326259701, 0.319798651, 0.314101411, 0.01170925]

Manual Benchmark of duration 478.25999784469604 over 100 runs:
[3.892813785, 5.432656123, 6.705292691, 6.124750541, 7.194418556, 8.193468573, 6.86958445, 6.153588025, 6.265972371, 6.374791309, 6.276587193, 6.232842736, 6.144746289, 9.392796315, 5.190238412, 7.530422538, 5.92330363, 10.894688993, 7.56836352, 7.318525649, 6.988138371, 8.717064437, 6.563543976, 9.637475501, 6.756986592, 5.571166709, 6.726914184, 7.517995131, 5.416019345, 6.850163902, 7.337547438, 7.734236767, 5.771223217, 6.800177477, 6.749921629, 6.942264054, 7.350475263, 5.482106619, 7.729336714, 4.660120064, 6.932873698, 6.286539427, 6.58592023, 6.172811132, 7.266325741, 4.824282742, 5.826754553, 5.675475259, 7.075472368, 4.700849236, 4.753261085, 5.808409766, 5.367038949, 4.880399433, 4.556370632, 3.126225183, 3.599121499, 5.338174871, 3.198556701, 3.983120489, 3.175031902, 2.836323201, 2.371102865, 2.070335773, 2.360283025, 2.984177118, 2.506506011, 1.886146708, 1.750752421, 4.043225879, 3.155755654, 3.746220317, 2.066939583, 2.828352203, 1.605242956, 3.126502035, 2.080022014, 2.027927055, 2.17993957, 1.550239507, 1.567016968, 3.728813709, 1.09348405, 2.166461461, 1.546941148, 1.552867918, 1.418023542, 1.090653331, 0.318927601, 0.472967857, 0.316974041, 0.313907241, 0.308878522, 0.317575491, 0.467784907, 0.012900159, 0.01290515, 0.01293949, 0.01282489, 0.012877969]

